fixIdx,time,lat,lng,alt,tickLead,tickRace,zoneIdx,legIdx,togo,area
13,,,,189.0,-872.756508171139,-6565.970275171254,1,1,134.818,0.0
666,,,,2134.0,-219.756508171139,-5912.970275171254,654,1,134.805,0.0
667,,,,2140.0,-218.756508171139,-5911.970275171254,655,1,134.788,0.0
668,,,,2148.0,-217.756508171139,-5910.970275171254,656,1,134.779,0.0
669,,,,2160.0,-216.756508171139,-5909.970275171254,657,1,134.776,0.0
670,,,,2167.0,-215.756508171139,-5908.970275171254,658,1,134.775,0.0
681,,,,2239.0,-204.756508171139,-5897.970275171254,669,1,134.765,0.0
682,,,,2243.0,-203.756508171139,-5896.970275171254,670,1,134.748,0.0
683,,,,2253.0,-202.756508171139,-5895.970275171254,671,1,134.736,0.0
684,,,,2265.0,-201.756508171139,-5894.970275171254,672,1,134.73,0.0
685,,,,2273.0,-200.756508171139,-5893.970275171254,673,1,134.729,0.0
694,,,,2334.0,-191.756508171139,-5884.970275171254,682,1,134.726,0.0
695,,,,2338.0,-190.756508171139,-5883.970275171254,683,1,134.706,0.0
696,,,,2341.0,-189.756508171139,-5882.970275171254,684,1,134.687,0.0
697,,,,2347.0,-188.756508171139,-5881.970275171254,685,1,134.671,0.0
698,,,,2355.0,-187.756508171139,-5880.970275171254,686,1,134.658,0.0
699,,,,2370.0,-186.756508171139,-5879.970275171254,687,1,134.657,0.0
712,,,,2455.0,-173.756508171139,-5866.970275171254,700,1,134.639,0.0
713,,,,2461.0,-172.756508171139,-5865.970275171254,701,1,134.624,0.0
714,,,,2475.0,-171.756508171139,-5864.970275171254,702,1,134.617,0.0
725,,,,2554.0,-160.756508171139,-5853.970275171254,713,1,134.612,0.0
726,,,,2557.0,-159.756508171139,-5852.970275171254,714,1,134.596,0.0
727,,,,2560.0,-158.756508171139,-5851.970275171254,715,1,134.58,0.0
728,,,,2570.0,-157.756508171139,-5850.970275171254,716,1,134.569,0.0
729,,,,2582.0,-156.756508171139,-5849.970275171254,717,1,134.562,0.0
739,,,,2645.0,-146.756508171139,-5839.970275171254,727,1,134.56,0.0
740,,,,2648.0,-145.756508171139,-5838.970275171254,728,1,134.543,0.0
741,,,,2657.0,-144.756508171139,-5837.970275171254,729,1,134.531,0.0
742,,,,2664.0,-143.756508171139,-5836.970275171254,730,1,134.528,0.0
743,,,,2672.0,-142.756508171139,-5835.970275171254,731,1,134.527,0.0
753,,,,2731.0,-132.756508171139,-5825.970275171254,741,1,134.525,0.0
754,,,,2731.0,-131.756508171139,-5824.970275171254,742,1,134.509,0.0
755,,,,2732.0,-130.756508171139,-5823.970275171254,743,1,134.491,0.0
756,,,,2740.0,-129.756508171139,-5822.970275171254,744,1,134.48,0.0
757,,,,2749.0,-128.756508171139,-5821.970275171254,745,1,134.469,0.0
758,,,,2758.0,-127.756508171139,-5820.970275171254,746,1,134.462,0.0
759,,,,2769.0,-126.756508171139,-5819.970275171254,747,1,134.457,0.0
775,,,,2844.0,-110.756508171139,-5803.970275171254,763,1,134.453,0.0
776,,,,2848.0,-109.756508171139,-5802.970275171254,764,1,134.437,0.0
777,,,,2850.0,-108.756508171139,-5801.970275171254,765,1,134.422,0.0
778,,,,2853.0,-107.756508171139,-5800.970275171254,766,1,134.411,0.0
779,,,,2860.0,-106.756508171139,-5799.970275171254,767,1,134.402,0.0
780,,,,2866.0,-105.756508171139,-5798.970275171254,768,1,134.396,0.0
797,,,,2945.0,-88.756508171139,-5781.970275171254,785,1,134.389,0.0
798,,,,2951.0,-87.756508171139,-5780.970275171254,786,1,134.369,0.0
799,,,,2955.0,-86.756508171139,-5779.970275171254,787,1,134.351,0.0
800,,,,2955.0,-85.756508171139,-5778.970275171254,788,1,134.335,0.0
801,,,,2958.0,-84.756508171139,-5777.970275171254,789,1,134.32,0.0
802,,,,2965.0,-83.756508171139,-5776.970275171254,790,1,134.31,0.0
803,,,,2974.0,-82.756508171139,-5775.970275171254,791,1,134.302,0.0
804,,,,2982.0,-81.756508171139,-5774.970275171254,792,1,134.3,0.0
818,,,,3045.0,-67.756508171139,-5760.970275171254,806,1,134.277,0.0
819,,,,3049.0,-66.756508171139,-5759.970275171254,807,1,134.255,0.0
820,,,,3055.0,-65.756508171139,-5758.970275171254,808,1,134.239,0.0
821,,,,3059.0,-64.756508171139,-5757.970275171254,809,1,134.223,0.0
822,,,,3063.0,-63.756508171139,-5756.970275171254,810,1,134.211,0.0
823,,,,3066.0,-62.756508171139,-5755.970275171254,811,1,134.207,0.0
824,,,,3070.0,-61.756508171139,-5754.970275171254,812,1,134.205,0.0
844,,,,3144.0,-41.756508171139,-5734.970275171254,832,1,134.201,0.0
849,,,,3166.0,-36.756508171139,-5729.970275171254,837,1,134.199,0.0
876,,,,3239.0,-9.756508171139,-5702.970275171254,864,1,134.192,0.0
877,,,,3239.0,-8.756508171139,-5701.970275171254,865,1,134.178,0.0
878,,,,3240.0,-7.756508171139,-5700.970275171254,866,1,134.169,0.0
879,,,,3245.0,-6.756508171139,-5699.970275171254,867,1,134.16,0.0
880,,,,3248.0,-5.756508171139,-5698.970275171254,868,1,134.155,0.0
881,,,,3251.0,-4.756508171139,-5697.970275171254,869,1,134.152,0.0
901,,,,3278.0,15.243491828861,-5677.970275171254,889,1,134.151,0.0
902,,,,3278.0,16.243491828861,-5676.970275171254,890,1,134.146,0.0
928,,,,3291.0,42.243491828861,-5650.970275171254,916,1,134.138,0.0
929,,,,3290.0,43.243491828861,-5649.970275171254,917,1,134.125,0.0
930,,,,3289.0,44.243491828861,-5648.970275171254,918,1,134.114,0.0
931,,,,3287.0,45.243491828861,-5647.970275171254,919,1,134.102,0.0
932,,,,3284.0,46.243491828861,-5646.970275171254,920,1,134.092,0.0
933,,,,3283.0,47.243491828861,-5645.970275171254,921,1,134.082,0.0
934,,,,3285.0,48.243491828861,-5644.970275171254,922,1,134.075,0.0
935,,,,3285.0,49.243491828861,-5643.970275171254,923,1,134.065,0.0
936,,,,3285.0,50.243491828861,-5642.970275171254,924,1,134.056,0.0
937,,,,3283.0,51.243491828861,-5641.970275171254,925,1,134.048,0.0
938,,,,3280.0,52.243491828861,-5640.970275171254,926,1,134.038,0.0
939,,,,3277.0,53.243491828861,-5639.970275171254,927,1,134.029,0.0
940,,,,3275.0,54.243491828861,-5638.970275171254,928,1,134.015,0.0
941,,,,3273.0,55.243491828861,-5637.970275171254,929,1,134.0,0.0
942,,,,3274.0,56.243491828861,-5636.970275171254,930,1,133.985,0.0
943,,,,3274.0,57.243491828861,-5635.970275171254,931,1,133.967,0.0
944,,,,3277.0,58.243491828861,-5634.970275171254,932,1,133.952,0.0
945,,,,3280.0,59.243491828861,-5633.970275171254,933,1,133.937,0.0
946,,,,3283.0,60.243491828861,-5632.970275171254,934,1,133.923,0.0
947,,,,3284.0,61.243491828861,-5631.970275171254,935,1,133.908,0.0
948,,,,3282.0,62.243491828861,-5630.970275171254,936,1,133.894,0.0
949,,,,3281.0,63.243491828861,-5629.970275171254,937,1,133.881,0.0
950,,,,3283.0,64.243491828861,-5628.970275171254,938,1,133.865,0.0
951,,,,3286.0,65.243491828861,-5627.970275171254,939,1,133.848,0.0
952,,,,3289.0,66.243491828861,-5626.970275171254,940,1,133.833,0.0
953,,,,3292.0,67.243491828861,-5625.970275171254,941,1,133.818,0.0
954,,,,3295.0,68.243491828861,-5624.970275171254,942,1,133.803,0.0
955,,,,3299.0,69.243491828861,-5623.970275171254,943,1,133.79,0.0
956,,,,3301.0,70.243491828861,-5622.970275171254,944,1,133.773,0.0
957,,,,3304.0,71.243491828861,-5621.970275171254,945,1,133.759,0.0
958,,,,3307.0,72.243491828861,-5620.970275171254,946,1,133.745,0.0
959,,,,3311.0,73.243491828861,-5619.970275171254,947,1,133.731,0.0
960,,,,3313.0,74.243491828861,-5618.970275171254,948,1,133.716,0.0
961,,,,3314.0,75.243491828861,-5617.970275171254,949,1,133.701,0.0
962,,,,3315.0,76.243491828861,-5616.970275171254,950,1,133.688,0.0
963,,,,3315.0,77.243491828861,-5615.970275171254,951,1,133.675,0.0
964,,,,3315.0,78.243491828861,-5614.970275171254,952,1,133.66,0.0
965,,,,3318.0,79.243491828861,-5613.970275171254,953,1,133.645,0.0
966,,,,3321.0,80.243491828861,-5612.970275171254,954,1,133.629,0.0
967,,,,3325.0,81.243491828861,-5611.970275171254,955,1,133.614,0.0
968,,,,3328.0,82.243491828861,-5610.970275171254,956,1,133.601,0.0
969,,,,3331.0,83.243491828861,-5609.970275171254,957,1,133.59,0.0
970,,,,3333.0,84.243491828861,-5608.970275171254,958,1,133.578,0.0
971,,,,3335.0,85.243491828861,-5607.970275171254,959,1,133.57,0.0
972,,,,3338.0,86.243491828861,-5606.970275171254,960,1,133.56,0.0
973,,,,3342.0,87.243491828861,-5605.970275171254,961,1,133.552,0.0
974,,,,3346.0,88.243491828861,-5604.970275171254,962,1,133.545,0.0
975,,,,3347.0,89.243491828861,-5603.970275171254,963,1,133.537,0.0
976,,,,3348.0,90.243491828861,-5602.970275171254,964,1,133.529,0.0
977,,,,3348.0,91.243491828861,-5601.970275171254,965,1,133.521,0.0
978,,,,3344.0,92.243491828861,-5600.970275171254,966,1,133.513,0.0
979,,,,3337.0,93.243491828861,-5599.970275171254,967,1,133.507,0.0
980,,,,3334.0,94.243491828861,-5598.970275171254,968,1,133.495,0.0
981,,,,3331.0,95.243491828861,-5597.970275171254,969,1,133.482,0.0
982,,,,3329.0,96.243491828861,-5596.970275171254,970,1,133.471,0.0
983,,,,3328.0,97.243491828861,-5595.970275171254,971,1,133.459,0.0
984,,,,3328.0,98.243491828861,-5594.970275171254,972,1,133.446,0.0
985,,,,3328.0,99.243491828861,-5593.970275171254,973,1,133.434,0.0
986,,,,3326.0,100.243491828861,-5592.970275171254,974,1,133.42,0.0
987,,,,3324.0,101.243491828861,-5591.970275171254,975,1,133.408,0.0
988,,,,3321.0,102.243491828861,-5590.970275171254,976,1,133.393,0.0
989,,,,3316.0,103.243491828861,-5589.970275171254,977,1,133.377,0.0
990,,,,3313.0,104.243491828861,-5588.970275171254,978,1,133.361,0.0
991,,,,3309.0,105.243491828861,-5587.970275171254,979,1,133.343,0.0
992,,,,3307.0,106.243491828861,-5586.970275171254,980,1,133.323,0.0
993,,,,3306.0,107.243491828861,-5585.970275171254,981,1,133.304,0.0
994,,,,3305.0,108.243491828861,-5584.970275171254,982,1,133.284,0.0
995,,,,3303.0,109.243491828861,-5583.970275171254,983,1,133.264,0.0
996,,,,3301.0,110.243491828861,-5582.970275171254,984,1,133.245,0.0
997,,,,3300.0,111.243491828861,-5581.970275171254,985,1,133.228,0.0
998,,,,3299.0,112.243491828861,-5580.970275171254,986,1,133.212,0.0
999,,,,3296.0,113.243491828861,-5579.970275171254,987,1,133.195,0.0
1000,,,,3291.0,114.243491828861,-5578.970275171254,988,1,133.179,0.0
1001,,,,3285.0,115.243491828861,-5577.970275171254,989,1,133.165,0.0
1002,,,,3282.0,116.243491828861,-5576.970275171254,990,1,133.15,0.0
1003,,,,3279.0,117.243491828861,-5575.970275171254,991,1,133.137,0.0
1004,,,,3277.0,118.243491828861,-5574.970275171254,992,1,133.123,0.0
1005,,,,3275.0,119.243491828861,-5573.970275171254,993,1,133.113,0.0
1006,,,,3273.0,120.243491828861,-5572.970275171254,994,1,133.101,0.0
1007,,,,3271.0,121.243491828861,-5571.970275171254,995,1,133.092,0.0
1008,,,,3267.0,122.243491828861,-5570.970275171254,996,1,133.081,0.0
1009,,,,3260.0,123.243491828861,-5569.970275171254,997,1,133.071,0.0
1010,,,,3258.0,124.243491828861,-5568.970275171254,998,1,133.057,0.0
1011,,,,3258.0,125.243491828861,-5567.970275171254,999,1,133.043,0.0
1012,,,,3258.0,126.243491828861,-5566.970275171254,1000,1,133.026,0.0
1013,,,,3258.0,127.243491828861,-5565.970275171254,1001,1,133.011,0.0
1014,,,,3256.0,128.243491828861,-5564.970275171254,1002,1,132.993,0.0
1015,,,,3255.0,129.243491828861,-5563.970275171254,1003,1,132.975,0.0
1016,,,,3254.0,130.243491828861,-5562.970275171254,1004,1,132.956,0.0
1017,,,,3253.0,131.243491828861,-5561.970275171254,1005,1,132.937,0.0
1018,,,,3252.0,132.243491828861,-5560.970275171254,1006,1,132.917,0.0
1019,,,,3249.0,133.243491828861,-5559.970275171254,1007,1,132.899,0.0
1020,,,,3247.0,134.243491828861,-5558.970275171254,1008,1,132.881,0.0
1021,,,,3243.0,135.243491828861,-5557.970275171254,1009,1,132.863,0.0
1022,,,,3241.0,136.243491828861,-5556.970275171254,1010,1,132.845,0.0
1023,,,,3241.0,137.243491828861,-5555.970275171254,1011,1,132.826,0.0
1024,,,,3238.0,138.243491828861,-5554.970275171254,1012,1,132.808,0.0
1025,,,,3236.0,139.243491828861,-5553.970275171254,1013,1,132.79,0.0
1026,,,,3234.0,140.243491828861,-5552.970275171254,1014,1,132.775,0.0
1027,,,,3231.0,141.243491828861,-5551.970275171254,1015,1,132.759,0.0
1028,,,,3229.0,142.243491828861,-5550.970275171254,1016,1,132.745,0.0
1029,,,,3226.0,143.243491828861,-5549.970275171254,1017,1,132.73,0.0
1030,,,,3226.0,144.243491828861,-5548.970275171254,1018,1,132.718,0.0
1031,,,,3224.0,145.243491828861,-5547.970275171254,1019,1,132.708,0.0
1032,,,,3221.0,146.243491828861,-5546.970275171254,1020,1,132.701,0.0
1033,,,,3219.0,147.243491828861,-5545.970275171254,1021,1,132.694,0.0
1034,,,,3217.0,148.243491828861,-5544.970275171254,1022,1,132.686,0.0
1035,,,,3217.0,149.243491828861,-5543.970275171254,1023,1,132.679,0.0
1036,,,,3217.0,150.243491828861,-5542.970275171254,1024,1,132.669,0.0
1037,,,,3216.0,151.243491828861,-5541.970275171254,1025,1,132.661,0.0
1038,,,,3216.0,152.243491828861,-5540.970275171254,1026,1,132.653,0.0
1039,,,,3216.0,153.243491828861,-5539.970275171254,1027,1,132.648,0.0
1040,,,,3216.0,154.243491828861,-5538.970275171254,1028,1,132.641,0.0
1041,,,,3216.0,155.243491828861,-5537.970275171254,1029,1,132.635,0.0
1042,,,,3214.0,156.243491828861,-5536.970275171254,1030,1,132.631,0.0
1043,,,,3213.0,157.243491828861,-5535.970275171254,1031,1,132.625,0.0
1044,,,,3212.0,158.243491828861,-5534.970275171254,1032,1,132.621,0.0
1045,,,,3210.0,159.243491828861,-5533.970275171254,1033,1,132.614,0.0
1046,,,,3212.0,160.243491828861,-5532.970275171254,1034,1,132.609,0.0
1047,,,,3212.0,161.243491828861,-5531.970275171254,1035,1,132.603,0.0
1048,,,,3214.0,162.243491828861,-5530.970275171254,1036,1,132.596,0.0
1049,,,,3215.0,163.243491828861,-5529.970275171254,1037,1,132.59,0.0
1050,,,,3216.0,164.243491828861,-5528.970275171254,1038,1,132.582,0.0
1051,,,,3216.0,165.243491828861,-5527.970275171254,1039,1,132.572,0.0
1052,,,,3217.0,166.243491828861,-5526.970275171254,1040,1,132.559,0.0
1053,,,,3219.0,167.243491828861,-5525.970275171254,1041,1,132.543,0.0
1054,,,,3222.0,168.243491828861,-5524.970275171254,1042,1,132.525,0.0
1055,,,,3223.0,169.243491828861,-5523.970275171254,1043,1,132.505,0.0
1056,,,,3225.0,170.243491828861,-5522.970275171254,1044,1,132.486,0.0
1057,,,,3226.0,171.243491828861,-5521.970275171254,1045,1,132.467,0.0
1058,,,,3224.0,172.243491828861,-5520.970275171254,1046,1,132.449,0.0
1059,,,,3221.0,173.243491828861,-5519.970275171254,1047,1,132.429,0.0
1060,,,,3219.0,174.243491828861,-5518.970275171254,1048,1,132.409,0.0
1061,,,,3218.0,175.243491828861,-5517.970275171254,1049,1,132.388,0.0
1062,,,,3218.0,176.243491828861,-5516.970275171254,1050,1,132.367,0.0
1063,,,,3218.0,177.243491828861,-5515.970275171254,1051,1,132.346,0.0
1064,,,,3218.0,178.243491828861,-5514.970275171254,1052,1,132.325,0.0
1065,,,,3216.0,179.243491828861,-5513.970275171254,1053,1,132.304,0.0
1066,,,,3214.0,180.243491828861,-5512.970275171254,1054,1,132.285,0.0
1067,,,,3211.0,181.243491828861,-5511.970275171254,1055,1,132.264,0.0
1068,,,,3209.0,182.243491828861,-5510.970275171254,1056,1,132.242,0.0
1069,,,,3209.0,183.243491828861,-5509.970275171254,1057,1,132.22,0.0
1070,,,,3210.0,184.243491828861,-5508.970275171254,1058,1,132.199,0.0
1071,,,,3212.0,185.243491828861,-5507.970275171254,1059,1,132.178,0.0
1072,,,,3211.0,186.243491828861,-5506.970275171254,1060,1,132.161,0.0
1073,,,,3208.0,187.243491828861,-5505.970275171254,1061,1,132.144,0.0
1074,,,,3204.0,188.243491828861,-5504.970275171254,1062,1,132.131,0.0
1075,,,,3201.0,189.243491828861,-5503.970275171254,1063,1,132.12,0.0
1076,,,,3196.0,190.243491828861,-5502.970275171254,1064,1,132.11,0.0
1077,,,,3192.0,191.243491828861,-5501.970275171254,1065,1,132.105,0.0
1078,,,,3190.0,192.243491828861,-5500.970275171254,1066,1,132.102,0.0
1079,,,,3188.0,193.243491828861,-5499.970275171254,1067,1,132.101,0.0
1086,,,,3185.0,200.243491828861,-5492.970275171254,1074,1,132.099,0.0
1087,,,,3185.0,201.243491828861,-5491.970275171254,1075,1,132.097,0.0
1089,,,,3185.0,203.243491828861,-5489.970275171254,1077,1,132.096,0.0
1090,,,,3185.0,204.243491828861,-5488.970275171254,1078,1,132.094,0.0
1091,,,,3185.0,205.243491828861,-5487.970275171254,1079,1,132.093,0.0
1092,,,,3184.0,206.243491828861,-5486.970275171254,1080,1,132.092,0.0
1093,,,,3184.0,207.243491828861,-5485.970275171254,1081,1,132.09,0.0
1095,,,,3189.0,209.243491828861,-5483.970275171254,1083,1,132.089,0.0
1097,,,,3191.0,211.243491828861,-5481.970275171254,1085,1,132.088,0.0
1098,,,,3189.0,212.243491828861,-5480.970275171254,1086,1,132.086,0.0
1099,,,,3185.0,213.243491828861,-5479.970275171254,1087,1,132.082,0.0
1100,,,,3182.0,214.243491828861,-5478.970275171254,1088,1,132.075,0.0
1101,,,,3179.0,215.243491828861,-5477.970275171254,1089,1,132.069,0.0
1102,,,,3179.0,216.243491828861,-5476.970275171254,1090,1,132.065,0.0
1103,,,,3178.0,217.243491828861,-5475.970275171254,1091,1,132.063,0.0
1104,,,,3176.0,218.243491828861,-5474.970275171254,1092,1,132.061,0.0
1231,,,,3274.0,345.243491828861,-5347.970275171254,1219,1,132.053,0.0
1232,,,,3272.0,346.243491828861,-5346.970275171254,1220,1,132.036,0.0
1233,,,,3270.0,347.243491828861,-5345.970275171254,1221,1,132.018,0.0
1234,,,,3271.0,348.243491828861,-5344.970275171254,1222,1,132.0,0.0
1235,,,,3272.0,349.243491828861,-5343.970275171254,1223,1,131.984,0.0
1236,,,,3273.0,350.243491828861,-5342.970275171254,1224,1,131.97,0.0
1237,,,,3274.0,351.243491828861,-5341.970275171254,1225,1,131.957,0.0
1238,,,,3275.0,352.243491828861,-5340.970275171254,1226,1,131.948,0.0
1239,,,,3277.0,353.243491828861,-5339.970275171254,1227,1,131.94,0.0
1240,,,,3278.0,354.243491828861,-5338.970275171254,1228,1,131.936,0.0
1241,,,,3280.0,355.243491828861,-5337.970275171254,1229,1,131.932,0.0
1242,,,,3283.0,356.243491828861,-5336.970275171254,1230,1,131.931,0.0
1243,,,,3287.0,357.243491828861,-5335.970275171254,1231,1,131.928,0.0
1244,,,,3291.0,358.243491828861,-5334.970275171254,1232,1,131.926,0.0
1245,,,,3294.0,359.243491828861,-5333.970275171254,1233,1,131.924,0.0
1246,,,,3298.0,360.243491828861,-5332.970275171254,1234,1,131.923,0.0
1314,,,,3355.0,428.243491828861,-5264.970275171254,1302,1,131.912,0.0
1315,,,,3357.0,429.243491828861,-5263.970275171254,1303,1,131.893,0.0
1316,,,,3359.0,430.243491828861,-5262.970275171254,1304,1,131.876,0.0
1317,,,,3360.0,431.243491828861,-5261.970275171254,1305,1,131.858,0.0
1318,,,,3360.0,432.243491828861,-5260.970275171254,1306,1,131.844,0.0
1319,,,,3360.0,433.243491828861,-5259.970275171254,1307,1,131.832,0.0
1320,,,,3361.0,434.243491828861,-5258.970275171254,1308,1,131.824,0.0
1321,,,,3362.0,435.243491828861,-5257.970275171254,1309,1,131.82,0.0
1322,,,,3362.0,436.243491828861,-5256.970275171254,1310,1,131.816,0.0
1349,,,,3363.0,463.243491828861,-5229.970275171254,1337,1,131.807,0.0
1350,,,,3363.0,464.243491828861,-5228.970275171254,1338,1,131.789,0.0
1351,,,,3362.0,465.243491828861,-5227.970275171254,1339,1,131.772,0.0
1352,,,,3362.0,466.243491828861,-5226.970275171254,1340,1,131.753,0.0
1353,,,,3362.0,467.243491828861,-5225.970275171254,1341,1,131.736,0.0
1354,,,,3363.0,468.243491828861,-5224.970275171254,1342,1,131.719,0.0
1355,,,,3363.0,469.243491828861,-5223.970275171254,1343,1,131.703,0.0
1356,,,,3362.0,470.243491828861,-5222.970275171254,1344,1,131.69,0.0
1357,,,,3360.0,471.243491828861,-5221.970275171254,1345,1,131.677,0.0
1358,,,,3359.0,472.243491828861,-5220.970275171254,1346,1,131.667,0.0
1359,,,,3361.0,473.243491828861,-5219.970275171254,1347,1,131.659,0.0
1360,,,,3361.0,474.243491828861,-5218.970275171254,1348,1,131.652,0.0
1361,,,,3360.0,475.243491828861,-5217.970275171254,1349,1,131.646,0.0
1362,,,,3358.0,476.243491828861,-5216.970275171254,1350,1,131.641,0.0
1363,,,,3358.0,477.243491828861,-5215.970275171254,1351,1,131.636,0.0
1364,,,,3358.0,478.243491828861,-5214.970275171254,1352,1,131.631,0.0
1365,,,,3357.0,479.243491828861,-5213.970275171254,1353,1,131.627,0.0
1366,,,,3357.0,480.243491828861,-5212.970275171254,1354,1,131.622,0.0
1367,,,,3357.0,481.243491828861,-5211.970275171254,1355,1,131.619,0.0
1368,,,,3359.0,482.243491828861,-5210.970275171254,1356,1,131.616,0.0
1369,,,,3360.0,483.243491828861,-5209.970275171254,1357,1,131.611,0.0
1370,,,,3359.0,484.243491828861,-5208.970275171254,1358,1,131.609,0.0
1371,,,,3359.0,485.243491828861,-5207.970275171254,1359,1,131.605,0.0
1372,,,,3360.0,486.243491828861,-5206.970275171254,1360,1,131.601,0.0
1373,,,,3360.0,487.243491828861,-5205.970275171254,1361,1,131.597,0.0
1374,,,,3360.0,488.243491828861,-5204.970275171254,1362,1,131.593,0.0
1375,,,,3359.0,489.243491828861,-5203.970275171254,1363,1,131.59,0.0
1376,,,,3358.0,490.243491828861,-5202.970275171254,1364,1,131.588,0.0
1410,,,,3374.0,524.243491828861,-5168.970275171254,1398,1,131.573,0.0
1411,,,,3374.0,525.243491828861,-5167.970275171254,1399,1,131.555,0.0
1412,,,,3373.0,526.243491828861,-5166.970275171254,1400,1,131.536,0.0
1413,,,,3373.0,527.243491828861,-5165.970275171254,1401,1,131.517,0.0
1414,,,,3372.0,528.243491828861,-5164.970275171254,1402,1,131.501,0.0
1415,,,,3370.0,529.243491828861,-5163.970275171254,1403,1,131.484,0.0
1416,,,,3367.0,530.243491828861,-5162.970275171254,1404,1,131.465,0.0
1417,,,,3364.0,531.243491828861,-5161.970275171254,1405,1,131.445,0.0
1418,,,,3363.0,532.243491828861,-5160.970275171254,1406,1,131.424,0.0
1419,,,,3363.0,533.243491828861,-5159.970275171254,1407,1,131.403,0.0
1420,,,,3362.0,534.243491828861,-5158.970275171254,1408,1,131.382,0.0
1421,,,,3360.0,535.243491828861,-5157.970275171254,1409,1,131.363,0.0
1422,,,,3360.0,536.243491828861,-5156.970275171254,1410,1,131.345,0.0
1423,,,,3357.0,537.243491828861,-5155.970275171254,1411,1,131.325,0.0
1424,,,,3352.0,538.243491828861,-5154.970275171254,1412,1,131.305,0.0
1425,,,,3350.0,539.243491828861,-5153.970275171254,1413,1,131.286,0.0
1426,,,,3351.0,540.243491828861,-5152.970275171254,1414,1,131.267,0.0
1427,,,,3352.0,541.243491828861,-5151.970275171254,1415,1,131.247,0.0
1428,,,,3351.0,542.243491828861,-5150.970275171254,1416,1,131.228,0.0
1429,,,,3350.0,543.243491828861,-5149.970275171254,1417,1,131.21,0.0
1430,,,,3350.0,544.243491828861,-5148.970275171254,1418,1,131.192,0.0
1431,,,,3348.0,545.243491828861,-5147.970275171254,1419,1,131.173,0.0
1432,,,,3349.0,546.243491828861,-5146.970275171254,1420,1,131.153,0.0
1433,,,,3349.0,547.243491828861,-5145.970275171254,1421,1,131.133,0.0
1434,,,,3350.0,548.243491828861,-5144.970275171254,1422,1,131.115,0.0
1435,,,,3349.0,549.243491828861,-5143.970275171254,1423,1,131.099,0.0
1436,,,,3349.0,550.243491828861,-5142.970275171254,1424,1,131.087,0.0
1437,,,,3350.0,551.243491828861,-5141.970275171254,1425,1,131.078,0.0
1438,,,,3350.0,552.243491828861,-5140.970275171254,1426,1,131.073,0.0
1439,,,,3349.0,553.243491828861,-5139.970275171254,1427,1,131.07,0.0
1733,,,,3103.0,847.243491828861,-4845.970275171254,1721,1,131.069,0.0
1734,,,,3103.0,848.243491828861,-4844.970275171254,1722,1,131.054,0.0
1735,,,,3103.0,849.243491828861,-4843.970275171254,1723,1,131.039,0.0
1736,,,,3101.0,850.243491828861,-4842.970275171254,1724,1,131.024,0.0
1737,,,,3101.0,851.243491828861,-4841.970275171254,1725,1,131.009,0.0
1738,,,,3102.0,852.243491828861,-4840.970275171254,1726,1,130.992,0.0
1739,,,,3102.0,853.243491828861,-4839.970275171254,1727,1,130.977,0.0
1740,,,,3102.0,854.243491828861,-4838.970275171254,1728,1,130.961,0.0
1741,,,,3103.0,855.243491828861,-4837.970275171254,1729,1,130.948,0.0
1742,,,,3103.0,856.243491828861,-4836.970275171254,1730,1,130.932,0.0
1743,,,,3102.0,857.243491828861,-4835.970275171254,1731,1,130.919,0.0
1744,,,,3102.0,858.243491828861,-4834.970275171254,1732,1,130.903,0.0
1745,,,,3102.0,859.243491828861,-4833.970275171254,1733,1,130.89,0.0
1746,,,,3102.0,860.243491828861,-4832.970275171254,1734,1,130.874,0.0
1747,,,,3102.0,861.243491828861,-4831.970275171254,1735,1,130.86,0.0
1748,,,,3103.0,862.243491828861,-4830.970275171254,1736,1,130.844,0.0
1749,,,,3104.0,863.243491828861,-4829.970275171254,1737,1,130.827,0.0
1750,,,,3105.0,864.243491828861,-4828.970275171254,1738,1,130.81,0.0
1751,,,,3107.0,865.243491828861,-4827.970275171254,1739,1,130.796,0.0
1752,,,,3106.0,866.243491828861,-4826.970275171254,1740,1,130.782,0.0
1753,,,,3105.0,867.243491828861,-4825.970275171254,1741,1,130.767,0.0
1754,,,,3102.0,868.243491828861,-4824.970275171254,1742,1,130.753,0.0
1755,,,,3100.0,869.243491828861,-4823.970275171254,1743,1,130.74,0.0
1756,,,,3100.0,870.243491828861,-4822.970275171254,1744,1,130.726,0.0
1757,,,,3100.0,871.243491828861,-4821.970275171254,1745,1,130.709,0.0
1758,,,,3100.0,872.243491828861,-4820.970275171254,1746,1,130.691,0.0
1759,,,,3101.0,873.243491828861,-4819.970275171254,1747,1,130.672,0.0
1760,,,,3102.0,874.243491828861,-4818.970275171254,1748,1,130.654,0.0
1761,,,,3105.0,875.243491828861,-4817.970275171254,1749,1,130.636,0.0
1762,,,,3108.0,876.243491828861,-4816.970275171254,1750,1,130.618,0.0
1763,,,,3109.0,877.243491828861,-4815.970275171254,1751,1,130.601,0.0
1764,,,,3109.0,878.243491828861,-4814.970275171254,1752,1,130.583,0.0
1765,,,,3110.0,879.243491828861,-4813.970275171254,1753,1,130.563,0.0
1766,,,,3111.0,880.243491828861,-4812.970275171254,1754,1,130.545,0.0
1767,,,,3112.0,881.243491828861,-4811.970275171254,1755,1,130.525,0.0
1768,,,,3114.0,882.243491828861,-4810.970275171254,1756,1,130.506,0.0
1769,,,,3118.0,883.243491828861,-4809.970275171254,1757,1,130.487,0.0
1770,,,,3120.0,884.243491828861,-4808.970275171254,1758,1,130.47,0.0
1771,,,,3121.0,885.243491828861,-4807.970275171254,1759,1,130.453,0.0
1772,,,,3123.0,886.243491828861,-4806.970275171254,1760,1,130.434,0.0
1773,,,,3124.0,887.243491828861,-4805.970275171254,1761,1,130.417,0.0
1774,,,,3127.0,888.243491828861,-4804.970275171254,1762,1,130.401,0.0
1775,,,,3130.0,889.243491828861,-4803.970275171254,1763,1,130.383,0.0
1776,,,,3131.0,890.243491828861,-4802.970275171254,1764,1,130.366,0.0
1777,,,,3132.0,891.243491828861,-4801.970275171254,1765,1,130.349,0.0
1778,,,,3134.0,892.243491828861,-4800.970275171254,1766,1,130.334,0.0
1779,,,,3132.0,893.243491828861,-4799.970275171254,1767,1,130.318,0.0
1780,,,,3131.0,894.243491828861,-4798.970275171254,1768,1,130.301,0.0
1781,,,,3131.0,895.243491828861,-4797.970275171254,1769,1,130.284,0.0
1782,,,,3131.0,896.243491828861,-4796.970275171254,1770,1,130.267,0.0
1783,,,,3132.0,897.243491828861,-4795.970275171254,1771,1,130.252,0.0
1784,,,,3131.0,898.243491828861,-4794.970275171254,1772,1,130.237,0.0
1785,,,,3129.0,899.243491828861,-4793.970275171254,1773,1,130.223,0.0
1786,,,,3123.0,900.243491828861,-4792.970275171254,1774,1,130.209,0.0
1787,,,,3119.0,901.243491828861,-4791.970275171254,1775,1,130.195,0.0
1788,,,,3116.0,902.243491828861,-4790.970275171254,1776,1,130.178,0.0
1789,,,,3114.0,903.243491828861,-4789.970275171254,1777,1,130.162,0.0
1790,,,,3111.0,904.243491828861,-4788.970275171254,1778,1,130.145,0.0
1791,,,,3109.0,905.243491828861,-4787.970275171254,1779,1,130.124,0.0
1792,,,,3107.0,906.243491828861,-4786.970275171254,1780,1,130.105,0.0
1793,,,,3104.0,907.243491828861,-4785.970275171254,1781,1,130.083,0.0
1794,,,,3099.0,908.243491828861,-4784.970275171254,1782,1,130.062,0.0
1795,,,,3096.0,909.243491828861,-4783.970275171254,1783,1,130.042,0.0
1796,,,,3095.0,910.243491828861,-4782.970275171254,1784,1,130.023,0.0
1797,,,,3093.0,911.243491828861,-4781.970275171254,1785,1,130.006,0.0
1798,,,,3090.0,912.243491828861,-4780.970275171254,1786,1,129.989,0.0
1799,,,,3087.0,913.243491828861,-4779.970275171254,1787,1,129.972,0.0
1800,,,,3086.0,914.243491828861,-4778.970275171254,1788,1,129.957,0.0
1801,,,,3085.0,915.243491828861,-4777.970275171254,1789,1,129.942,0.0
1802,,,,3084.0,916.243491828861,-4776.970275171254,1790,1,129.925,0.0
1803,,,,3082.0,917.243491828861,-4775.970275171254,1791,1,129.909,0.0
1804,,,,3080.0,918.243491828861,-4774.970275171254,1792,1,129.889,0.0
1805,,,,3078.0,919.243491828861,-4773.970275171254,1793,1,129.87,0.0
1806,,,,3074.0,920.243491828861,-4772.970275171254,1794,1,129.852,0.0
1807,,,,3073.0,921.243491828861,-4771.970275171254,1795,1,129.833,0.0
1808,,,,3072.0,922.243491828861,-4770.970275171254,1796,1,129.813,0.0
1809,,,,3069.0,923.243491828861,-4769.970275171254,1,2,129.793,4793.590998790106
1810,,,,3067.0,924.243491828861,-4768.970275171254,2,2,129.775,4318.272624366772
1811,,,,3067.0,925.243491828861,-4767.970275171254,3,2,129.756,4562.458004880197
1812,,,,3065.0,926.243491828861,-4766.970275171254,4,2,129.737,4566.720346079098
1813,,,,3062.0,927.243491828861,-4765.970275171254,5,2,129.719,4330.419973487245
1814,,,,3057.0,928.243491828861,-4764.970275171254,6,2,129.7,4575.275969729589
1815,,,,3054.0,929.243491828861,-4763.970275171254,7,2,129.68,4820.543538207015
1816,,,,3053.0,930.243491828861,-4762.970275171254,8,2,129.66,4824.986943420405
1817,,,,3052.0,931.243491828861,-4761.970275171254,9,2,129.641,4587.975004820912
1818,,,,3050.0,932.243491828861,-4760.970275171254,10,2,129.62,5075.5819786326465
1819,,,,3049.0,933.243491828861,-4759.970275171254,11,2,129.6,4838.307559040022
1820,,,,3047.0,934.243491828861,-4758.970275171254,12,2,129.581,4600.625086659546
1821,,,,3044.0,935.243491828861,-4757.970275171254,13,2,129.562,4604.874279851559
1822,,,,3041.0,936.243491828861,-4756.970275171254,14,2,129.542,4851.688674138986
1823,,,,3039.0,937.243491828861,-4755.970275171254,15,2,129.522,4856.120959345525
1824,,,,3036.0,938.243491828861,-4754.970275171254,16,2,129.499,5589.569652430138
1825,,,,3036.0,939.243491828861,-4753.970275171254,17,2,129.477,5351.3134958750625
1826,,,,3038.0,940.243491828861,-4752.970275171254,18,2,129.455,5356.100812174971
1827,,,,3037.0,941.243491828861,-4751.970275171254,19,2,129.433,5360.886192481804
1828,,,,3035.0,942.243491828861,-4750.970275171254,20,2,129.412,5121.795349488
1829,,,,3033.0,943.243491828861,-4749.970275171254,21,2,129.392,4882.303773188029
1830,,,,3032.0,944.243491828861,-4748.970275171254,22,2,129.37,5375.355357515523
1831,,,,3032.0,945.243491828861,-4747.970275171254,23,2,129.348,5380.133125815431
1832,,,,3032.0,946.243491828861,-4746.970275171254,24,2,129.326,5384.908958122295
1833,,,,3032.0,947.243491828861,-4745.970275171254,25,2,129.305,5144.717162235706
1834,,,,3031.0,948.243491828861,-4744.970275171254,26,2,129.284,5149.31206248288
1835,,,,3030.0,949.243491828861,-4743.970275171254,27,2,129.263,5153.905198716115
1836,,,,3028.0,950.243491828861,-4742.970275171254,28,2,129.245,4421.619802542681
1837,,,,3026.0,951.243491828861,-4741.970275171254,29,2,129.227,4425.656540759976
1838,,,,3024.0,952.243491828861,-4740.970275171254,30,2,129.212,3691.452836775022
1839,,,,3022.0,953.243491828861,-4739.970275171254,31,2,129.195,4187.52144688034
1840,,,,3020.0,954.243491828861,-4738.970275171254,32,2,129.178,4191.362813142062
1841,,,,3017.0,955.243491828861,-4737.970275171254,33,2,129.162,3948.441658862899
1842,,,,3015.0,956.243491828861,-4736.970275171254,34,2,129.144,4446.061765206393
1843,,,,3014.0,957.243491828861,-4735.970275171254,35,2,129.128,3955.667057950812
1844,,,,3012.0,958.243491828861,-4734.970275171254,36,2,129.111,4206.749298467672
1845,,,,3011.0,959.243491828861,-4733.970275171254,37,2,129.094,4210.584918729394
1846,,,,3010.0,960.243491828861,-4732.970275171254,38,2,129.075,4710.196938798692
1847,,,,3009.0,961.243491828861,-4731.970275171254,39,2,129.056,4714.408131990541
1848,,,,3010.0,962.243491828861,-4730.970275171254,40,2,129.036,4966.946945864429
1849,,,,3009.0,963.243491828861,-4729.970275171254,41,2,129.013,5716.972455926792
1850,,,,3009.0,964.243491828861,-4728.970275171254,42,2,128.992,5224.372484299144
1851,,,,3008.0,965.243491828861,-4727.970275171254,43,2,128.971,5228.939244532277
1852,,,,3007.0,966.243491828861,-4726.970275171254,44,2,128.95,5233.5042407795645
1853,,,,3007.0,967.243491828861,-4725.970275171254,45,2,128.926,5986.293184772851
1854,,,,3007.0,968.243491828861,-4724.970275171254,46,2,128.902,5991.366792270264
1855,,,,3007.0,969.243491828861,-4723.970275171254,47,2,128.88,5496.777567831645
1856,,,,3006.0,970.243491828861,-4722.970275171254,48,2,128.857,5751.555877629422
1857,,,,3005.0,971.243491828861,-4721.970275171254,49,2,128.833,6006.7136498253285
1858,,,,3005.0,972.243491828861,-4720.970275171254,50,2,128.811,5510.839448590447
1859,,,,3004.0,973.243491828861,-4719.970275171254,51,2,128.791,5014.189399644531
1860,,,,3002.0,974.243491828861,-4718.970275171254,52,2,128.773,4516.740913129529
1861,,,,3000.0,975.243491828861,-4717.970275171254,53,2,128.757,4018.471303208758
1862,,,,2997.0,976.243491828861,-4716.970275171254,54,2,128.744,3267.9877800638205
1863,,,,2995.0,977.243491828861,-4715.970275171254,55,2,128.732,3019.4009436256483
1864,,,,2995.0,978.243491828861,-4714.970275171254,56,2,128.721,2770.368938718885
1865,,,,2995.0,979.243491828861,-4713.970275171254,57,2,128.71,2772.9639447938616
1866,,,,2995.0,980.243491828861,-4712.970275171254,58,2,128.697,3280.179974516811
1867,,,,2994.0,981.243491828861,-4711.970275171254,59,2,128.685,3030.6529489668656
1868,,,,2994.0,982.243491828861,-4710.970275171254,60,2,128.672,3286.234098247124
1869,,,,2992.0,983.243491828861,-4709.970275171254,61,2,128.657,3795.255967628983
1870,,,,2991.0,984.243491828861,-4708.970275171254,62,2,128.642,3798.6729930648544
1871,,,,2989.0,985.243491828861,-4707.970275171254,63,2,128.625,4309.000836008668
1872,,,,2987.0,986.243491828861,-4706.970275171254,64,2,128.608,4312.8043262703895
1873,,,,2985.0,987.243491828861,-4705.970275171254,65,2,128.59,4570.5069290053625
1874,,,,2985.0,988.243491828861,-4704.970275171254,66,2,128.571,4828.61600744322
1875,,,,2984.0,989.243491828861,-4703.970275171254,67,2,128.552,4832.7878326421205
1876,,,,2984.0,990.243491828861,-4702.970275171254,68,2,128.531,5346.070119803206
1877,,,,2984.0,991.243491828861,-4701.970275171254,69,2,128.512,4841.051816534543
1878,,,,2983.0,992.243491828861,-4700.970275171254,70,2,128.493,4845.219233733444
1879,,,,2982.0,993.243491828861,-4699.970275171254,71,2,128.473,5104.596142421259
1880,,,,2981.0,994.243491828861,-4698.970275171254,72,2,128.455,4598.081853635075
1881,,,,2979.0,995.243491828861,-4697.970275171254,73,2,128.439,4090.753305443134
1882,,,,2978.0,996.243491828861,-4696.970275171254,74,2,128.422,4350.233692428054
1883,,,,2975.0,997.243491828861,-4695.970275171254,75,2,128.405,4354.023922689777
1884,,,,2969.0,998.243491828861,-4694.970275171254,76,2,128.39,3845.159062266674
1885,,,,2965.0,999.243491828861,-4693.970275171254,77,2,128.375,3848.561327688062
1886,,,,2961.0,1000.243491828861,-4692.970275171254,78,2,128.358,4365.523710589831
1887,,,,2960.0,1001.243491828861,-4691.970275171254,79,2,128.341,4369.309452851554
1888,,,,2959.0,1002.243491828861,-4690.970275171254,80,2,128.321,5144.756381998214
1889,,,,2957.0,1003.243491828861,-4689.970275171254,81,2,128.301,5149.087027204753
1890,,,,2957.0,1004.243491828861,-4688.970275171254,82,2,128.28,5411.065786912304
1891,,,,2958.0,1005.243491828861,-4687.970275171254,83,2,128.259,5415.567363159837
1892,,,,2957.0,1006.243491828861,-4686.970275171254,84,2,128.241,4645.826201766692
1893,,,,2956.0,1007.243491828861,-4685.970275171254,85,2,128.222,4908.0930652546085
1894,,,,2954.0,1008.243491828861,-4684.970275171254,86,2,128.202,5170.756582977123
1895,,,,2951.0,1009.243491828861,-4683.970275171254,87,2,128.182,5175.077668183661
1896,,,,2947.0,1010.243491828861,-4682.970275171254,88,2,128.161,5438.345795940126
1897,,,,2944.0,1011.243491828861,-4681.970275171254,89,2,128.14,5442.837082187696
1898,,,,2942.0,1012.243491828861,-4680.970275171254,90,2,128.119,5447.326604420534
1899,,,,2941.0,1013.243491828861,-4679.970275171254,91,2,128.098,5451.814362660739
1900,,,,2939.0,1014.243491828861,-4678.970275171254,92,2,128.076,5716.101870072006
1901,,,,2935.0,1015.243491828861,-4677.970275171254,93,2,128.053,5980.7659073275845
1902,,,,2932.0,1016.243491828861,-4676.970275171254,94,2,128.028,6506.016240777143
1903,,,,2930.0,1017.243491828861,-4675.970275171254,95,2,128.005,5990.301767697625
1904,,,,2928.0,1018.243491828861,-4674.970275171254,96,2,127.982,5995.113225083269
1905,,,,2927.0,1019.243491828861,-4673.970275171254,97,2,127.959,5999.922566468914
1906,,,,2925.0,1020.243491828861,-4672.970275171254,98,2,127.936,6004.729791854558
1907,,,,2919.0,1021.243491828861,-4671.970275171254,99,2,127.913,6009.534901243916
1908,,,,2914.0,1022.243491828861,-4670.970275171254,100,2,127.888,6537.2726863306325
1909,,,,2909.0,1023.243491828861,-4669.970275171254,101,2,127.862,6804.057598918748
1910,,,,2907.0,1024.243491828861,-4668.970275171254,102,2,127.836,6809.322321714075
1911,,,,2907.0,1025.243491828861,-4667.970275171254,103,2,127.809,7076.656056652175
1912,,,,2906.0,1026.243491828861,-4666.970275171254,104,2,127.784,6557.516320173115
1913,,,,2907.0,1027.243491828861,-4665.970275171254,105,2,127.758,6825.100266114946
1914,,,,2908.0,1028.243491828861,-4664.970275171254,106,2,127.734,6304.991669144382
1915,,,,2909.0,1029.243491828861,-4663.970275171254,107,2,127.709,6572.8261320787515
1916,,,,2910.0,1030.243491828861,-4662.970275171254,108,2,127.687,5788.641470462188
1917,,,,2910.0,1031.243491828861,-4661.970275171254,109,2,127.662,6583.17485987295
1918,,,,2909.0,1032.243491828861,-4660.970275171254,110,2,127.639,6061.254301272927
1919,,,,2909.0,1033.243491828861,-4659.970275171254,111,2,127.616,6066.033052654826
1920,,,,2909.0,1034.243491828861,-4658.970275171254,112,2,127.594,5806.884194093629
1921,,,,2909.0,1035.243491828861,-4657.970275171254,113,2,127.571,6075.631828626739
1922,,,,2909.0,1036.243491828861,-4656.970275171254,114,2,127.549,5816.061671976054
1923,,,,2909.0,1037.243491828861,-4655.970275171254,115,2,127.527,5820.670260279721
1924,,,,2910.0,1038.243491828861,-4654.970275171254,116,2,127.504,6090.03834718492
1925,,,,2910.0,1039.243491828861,-4653.970275171254,117,2,127.481,6094.80454057433
1926,,,,2911.0,1040.243491828861,-4652.970275171254,118,2,127.459,5834.392867748404
1927,,,,2912.0,1041.243491828861,-4651.970275171254,119,2,127.435,6369.761246549658
1928,,,,2912.0,1042.243491828861,-4650.970275171254,120,2,127.413,5843.5007269247135
1929,,,,2911.0,1043.243491828861,-4649.970275171254,121,2,127.392,5582.296816644723
1930,,,,2911.0,1044.243491828861,-4648.970275171254,122,2,127.371,5586.72669888493
1931,,,,2911.0,1045.243491828861,-4647.970275171254,123,2,127.349,5857.377289247944
1932,,,,2909.0,1046.243491828861,-4646.970275171254,124,2,127.327,5861.968365551638
1933,,,,2909.0,1047.243491828861,-4645.970275171254,125,2,127.306,5599.917793152237
1934,,,,2907.0,1048.243491828861,-4644.970275171254,126,2,127.285,5604.3405353924445
1935,,,,2906.0,1049.243491828861,-4643.970275171254,127,2,127.261,6409.937612905904
1936,,,,2905.0,1050.243491828861,-4642.970275171254,128,2,127.239,5880.313310747482
1937,,,,2905.0,1051.243491828861,-4641.970275171254,129,2,127.217,5884.894707051192
1938,,,,2903.0,1052.243491828861,-4640.970275171254,130,2,127.194,6157.153336991429
1939,,,,2901.0,1053.243491828861,-4639.970275171254,131,2,127.172,5894.005348937373
1940,,,,2897.0,1054.243491828861,-4638.970275171254,132,2,127.149,6166.673958963342
1941,,,,2893.0,1055.243491828861,-4637.970275171254,133,2,127.126,6171.406894348986
1942,,,,2888.0,1056.243491828861,-4636.970275171254,134,2,127.103,6176.137713738446
1943,,,,2884.0,1057.243491828861,-4635.970275171254,135,2,127.077,6986.983919578548
1944,,,,2880.0,1058.243491828861,-4634.970275171254,136,2,127.052,6723.259008372122
1945,,,,2878.0,1059.243491828861,-4633.970275171254,137,2,127.027,6728.288179011159
1946,,,,2876.0,1060.243491828861,-4632.970275171254,138,2,127.003,6464.007701503097
1947,,,,2874.0,1061.243491828861,-4631.970275171254,139,2,126.979,6468.881869000511
1948,,,,2872.0,1062.243491828861,-4630.970275171254,140,2,126.956,6204.0384252428785
1949,,,,2869.0,1063.243491828861,-4629.970275171254,141,2,126.932,6478.674327682946
1950,,,,2867.0,1064.243491828861,-4628.970275171254,142,2,126.908,6483.541631180359
1951,,,,2863.0,1065.243491828861,-4627.970275171254,143,2,126.883,6758.730275869998
1952,,,,2859.0,1066.243491828861,-4626.970275171254,144,2,126.858,6763.742246501368
1953,,,,2857.0,1067.243491828861,-4625.970275171254,145,2,126.831,7310.194223361718
1954,,,,2853.0,1068.243491828861,-4624.970275171254,146,2,126.805,7044.570163630113
1955,,,,2852.0,1069.243491828861,-4623.970275171254,147,2,126.78,6778.602771887084
1956,,,,2849.0,1070.243491828861,-4622.970275171254,148,2,126.754,7054.920949889781
1957,,,,2847.0,1071.243491828861,-4621.970275171254,149,2,126.731,6245.5156001063015
1958,,,,2845.0,1072.243491828861,-4620.970275171254,150,2,126.706,6793.654345963459
1959,,,,2842.0,1073.243491828861,-4619.970275171254,151,2,126.68,7070.566760933221
1960,,,,2841.0,1074.243491828861,-4618.970275171254,152,2,126.657,6259.3493402601225
1961,,,,2838.0,1075.243491828861,-4617.970275171254,153,2,126.633,6536.36217708822
1962,,,,2837.0,1076.243491828861,-4616.970275171254,154,2,126.609,6541.201304585633
1963,,,,2835.0,1077.243491828861,-4615.970275171254,155,2,126.583,7091.485288760433
1964,,,,2834.0,1078.243491828861,-4614.970275171254,156,2,126.559,6550.769136205245
1965,,,,2833.0,1079.243491828861,-4613.970275171254,157,2,126.535,6555.601255702658
1966,,,,2832.0,1080.243491828861,-4612.970275171254,158,2,126.51,6833.755359743522
1967,,,,2831.0,1081.243491828861,-4611.970275171254,159,2,126.487,6291.681273154036
1968,,,,2830.0,1082.243491828861,-4610.970275171254,160,2,126.461,7117.534496048267
1969,,,,2830.0,1083.243491828861,-4609.970275171254,161,2,126.437,6574.802702317095
1970,,,,2830.0,1084.243491828861,-4608.970275171254,162,2,126.412,6853.747066633554
1971,,,,2830.0,1085.243491828861,-4607.970275171254,163,2,126.388,6584.389313624315
1972,,,,2832.0,1086.243491828861,-4606.970275171254,164,2,126.365,6314.679929677902
1973,,,,2833.0,1087.243491828861,-4605.970275171254,165,2,126.345,5495.1460564003355
1974,,,,2834.0,1088.243491828861,-4604.970275171254,166,2,126.323,6049.214745056654
1975,,,,2833.0,1089.243491828861,-4603.970275171254,167,2,126.303,5503.424527334061
1976,,,,2831.0,1090.243491828861,-4602.970275171254,168,2,126.279,6609.021159675067
1977,,,,2827.0,1091.243491828861,-4601.970275171254,169,2,126.256,6338.275029805966
1978,,,,2824.0,1092.243491828861,-4600.970275171254,170,2,126.233,6342.927741191611
1979,,,,2823.0,1093.243491828861,-4599.970275171254,171,2,126.209,6623.533765542523
1980,,,,2821.0,1094.243491828861,-4598.970275171254,172,2,126.184,6904.484940830612
1981,,,,2818.0,1095.243491828861,-4597.970275171254,173,2,126.16,6633.074968849741
1982,,,,2816.0,1096.243491828861,-4596.970275171254,174,2,126.137,6361.315717931691
1983,,,,2814.0,1097.243491828861,-4595.970275171254,175,2,126.112,6919.464339260032
1984,,,,2812.0,1098.243491828861,-4594.970275171254,176,2,126.087,6924.397759891311
1985,,,,2812.0,1099.243491828861,-4593.970275171254,177,2,126.063,6652.181915151787
1986,,,,2810.0,1100.243491828861,-4592.970275171254,178,2,126.038,6934.312113340268
1987,,,,2809.0,1101.243491828861,-4591.970275171254,179,2,126.013,6939.238083971539
1988,,,,2807.0,1102.243491828861,-4590.970275171254,180,2,125.988,6944.161554610699
1989,,,,2805.0,1103.243491828861,-4589.970275171254,181,2,125.963,6949.0825252459135
1990,,,,2804.0,1104.243491828861,-4588.970275171254,182,2,125.936,7510.261446397684
1991,,,,2802.0,1105.243491828861,-4587.970275171254,183,2,125.912,6680.480710323012
1992,,,,2801.0,1106.243491828861,-4586.970275171254,184,2,125.888,6685.250669820426
1993,,,,2799.0,1107.243491828861,-4585.970275171254,185,2,125.863,6968.741407786773
1994,,,,2798.0,1108.243491828861,-4584.970275171254,186,2,125.838,6973.649878421988
1995,,,,2797.0,1109.243491828861,-4583.970275171254,187,2,125.814,6699.440236937449
1996,,,,2797.0,1110.243491828861,-4582.970275171254,188,2,125.791,6424.884716515732
1997,,,,2797.0,1111.243491828861,-4581.970275171254,189,2,125.768,6429.495935901377
1998,,,,2798.0,1112.243491828861,-4580.970275171254,190,2,125.746,6154.385811286129
1999,,,,2797.0,1113.243491828861,-4579.970275171254,191,2,125.725,5878.917536807828
2000,,,,2795.0,1114.243491828861,-4578.970275171254,192,2,125.702,6443.470663660182
2001,,,,2793.0,1115.243491828861,-4577.970275171254,193,2,125.681,5887.418348834928
2002,,,,2791.0,1116.243491828861,-4576.970275171254,194,2,125.658,6452.777028832719
2003,,,,2790.0,1117.243491828861,-4575.970275171254,195,2,125.637,5895.911768862029
2004,,,,2790.0,1118.243491828861,-4574.970275171254,196,2,125.615,6181.140103799234
2005,,,,2790.0,1119.243491828861,-4573.970275171254,197,2,125.592,6466.721396591524
2006,,,,2790.0,1120.243491828861,-4572.970275171254,198,2,125.571,5908.63803890268
2007,,,,2788.0,1121.243491828861,-4571.970275171254,199,2,125.55,5912.923525142887
2008,,,,2788.0,1122.243491828861,-4570.970275171254,200,2,125.528,6198.954331708514
2009,,,,2787.0,1123.243491828861,-4569.970275171254,201,2,125.506,6203.390748012429
2010,,,,2785.0,1124.243491828861,-4568.970275171254,202,2,125.484,6207.825228312339
2011,,,,2783.0,1125.243491828861,-4567.970275171254,203,2,125.462,6212.257772608237
2012,,,,2781.0,1126.243491828861,-4566.970275171254,204,2,125.441,5934.135287437295
2013,,,,2780.0,1127.243491828861,-4565.970275171254,205,2,125.418,6503.92102768292
2014,,,,2779.0,1128.243491828861,-4564.970275171254,206,2,125.395,6508.497103072586
2015,,,,2780.0,1129.243491828861,-4563.970275171254,207,2,125.374,5946.764485251289
2016,,,,2778.0,1130.243491828861,-4562.970275171254,208,2,125.353,5951.033759491496
2017,,,,2776.0,1131.243491828861,-4561.970275171254,209,2,125.331,6238.862157121325
2018,,,,2773.0,1132.243491828861,-4560.970275171254,210,2,125.311,5675.755465578258
2019,,,,2771.0,1133.243491828861,-4559.970275171254,211,2,125.29,5963.830998212118
2020,,,,2769.0,1134.243491828861,-4558.970275171254,212,2,125.27,5683.920986255695
2021,,,,2767.0,1135.243491828861,-4557.970275171254,213,2,125.25,5688.0239914581925
2022,,,,2765.0,1136.243491828861,-4556.970275171254,214,2,125.227,6545.865805363705
2023,,,,2763.0,1137.243491828861,-4555.970275171254,215,2,125.207,5696.088732656293
2024,,,,2762.0,1138.243491828861,-4554.970275171254,216,2,125.185,6270.155416929804
2025,,,,2761.0,1139.243491828861,-4553.970275171254,217,2,125.165,5704.192163585972
2026,,,,2759.0,1140.243491828861,-4552.970275171254,218,2,125.144,5993.677372120224
2027,,,,2758.0,1141.243491828861,-4551.970275171254,219,2,125.124,5712.33452426343
2028,,,,2757.0,1142.243491828861,-4550.970275171254,220,2,125.102,6288.018439697638
2029,,,,2756.0,1143.243491828861,-4549.970275171254,221,2,125.082,5720.424595197162
2030,,,,2754.0,1144.243491828861,-4548.970275171254,222,2,125.061,6010.714495303642
2031,,,,2752.0,1145.243491828861,-4547.970275171254,223,2,125.041,5728.553755870566
2032,,,,2750.0,1146.243491828861,-4546.970275171254,224,2,125.018,6592.455530433254
2033,,,,2748.0,1147.243491828861,-4545.970275171254,225,2,124.998,5736.584577060548
2034,,,,2746.0,1148.243491828861,-4544.970275171254,226,2,124.975,6601.687018810494
2035,,,,2744.0,1149.243491828861,-4543.970275171254,227,2,124.952,6606.2204981920595
2036,,,,2742.0,1150.243491828861,-4542.970275171254,228,2,124.928,6898.14824971696
2037,,,,2740.0,1151.243491828861,-4541.970275171254,229,2,124.906,6327.634863824091
2038,,,,2738.0,1152.243491828861,-4540.970275171254,230,2,124.884,6332.015840128089
2039,,,,2736.0,1153.243491828861,-4539.970275171254,231,2,124.863,6048.401149429662
2040,,,,2734.0,1154.243491828861,-4538.970275171254,232,2,124.842,6052.627793669869
2041,,,,2731.0,1155.243491828861,-4537.970275171254,233,2,124.823,5480.053461363173
2042,,,,2726.0,1156.243491828861,-4536.970275171254,234,2,124.803,5772.568757824276
2043,,,,2721.0,1157.243491828861,-4535.970275171254,235,2,124.78,6643.050955684703
2044,,,,2715.0,1158.243491828861,-4534.970275171254,236,2,124.757,6647.565943070347
2045,,,,2713.0,1159.243491828861,-4533.970275171254,237,2,124.734,6652.078814460102
2046,,,,2711.0,1160.243491828861,-4532.970275171254,238,2,124.71,6945.978661818464
2047,,,,2707.0,1161.243491828861,-4531.970275171254,239,2,124.687,6661.044792026656
2048,,,,2705.0,1162.243491828861,-4530.970275171254,240,2,124.663,6955.329952500899
2049,,,,2701.0,1163.243491828861,-4529.970275171254,241,2,124.64,6670.002121597321
2050,,,,2698.0,1164.243491828861,-4528.970275171254,242,2,124.616,6964.672219183333
2051,,,,2692.0,1165.243491828861,-4527.970275171254,243,2,124.592,6969.312002680746
2052,,,,2688.0,1166.243491828861,-4526.970275171254,244,2,124.567,7264.5015545163305
2053,,,,2687.0,1167.243491828861,-4525.970275171254,245,2,124.544,6687.7834503374015
2054,,,,2684.0,1168.243491828861,-4524.970275171254,246,2,124.519,7274.155720131808
2055,,,,2683.0,1169.243491828861,-4523.970275171254,247,2,124.496,6696.66086671158
2056,,,,2680.0,1170.243491828861,-4522.970275171254,248,2,124.474,6409.821487531375
2057,,,,2679.0,1171.243491828861,-4521.970275171254,249,2,124.451,6705.691082683497
2058,,,,2677.0,1172.243491828861,-4520.970275171254,250,2,124.428,6710.1761240649985
2059,,,,2677.0,1173.243491828861,-4519.970275171254,251,2,124.406,6422.743163003819
2060,,,,2677.0,1174.243491828861,-4518.970275171254,252,2,124.384,6427.080843307878
2061,,,,2678.0,1175.243491828861,-4517.970275171254,253,2,124.365,5554.472223631405
2062,,,,2676.0,1176.243491828861,-4516.970275171254,254,2,124.345,5850.870377053956
2063,,,,2674.0,1177.243491828861,-4515.970275171254,255,2,124.327,5269.4548848013965
2064,,,,2673.0,1178.243491828861,-4514.970275171254,256,2,124.309,5273.167479018692
2065,,,,2672.0,1179.243491828861,-4513.970275171254,257,2,124.293,4690.596648887616
2066,,,,2670.0,1180.243491828861,-4512.970275171254,258,2,124.275,5280.673756984694
2067,,,,2667.0,1181.243491828861,-4511.970275171254,259,2,124.255,5871.4889004875395
2068,,,,2666.0,1182.243491828861,-4510.970275171254,260,2,124.234,6169.264563862532
2069,,,,2665.0,1183.243491828861,-4509.970275171254,261,2,124.213,6173.439212102739
2070,,,,2665.0,1184.243491828861,-4508.970275171254,262,2,124.191,6471.758047571098
2071,,,,2663.0,1185.243491828861,-4507.970275171254,263,2,124.17,6181.733436356497
2072,,,,2659.0,1186.243491828861,-4506.970275171254,264,2,124.148,6480.443450888741
2073,,,,2656.0,1187.243491828861,-4505.970275171254,265,2,124.127,6190.0204366102535
2074,,,,2651.0,1188.243491828861,-4504.970275171254,266,2,124.105,6489.121286198011
2075,,,,2650.0,1189.243491828861,-4503.970275171254,267,2,124.083,6493.431202502114
2076,,,,2649.0,1190.243491828861,-4502.970275171254,268,2,124.059,7088.385613185801
2077,,,,2649.0,1191.243491828861,-4501.970275171254,269,2,124.033,7683.987489743841
2078,,,,2650.0,1192.243491828861,-4500.970275171254,270,2,124.006,7984.517853683251
2079,,,,2652.0,1193.243491828861,-4499.970275171254,271,2,123.983,6805.958986787246
2080,,,,2653.0,1194.243491828861,-4498.970275171254,272,2,123.959,7106.4748764250235
2081,,,,2653.0,1195.243491828861,-4497.970275171254,273,2,123.936,6814.78236435791
2082,,,,2653.0,1196.243491828861,-4496.970275171254,274,2,123.915,6226.293059559011
2083,,,,2651.0,1197.243491828861,-4495.970275171254,275,2,123.893,6527.103334910433
2084,,,,2648.0,1198.243491828861,-4494.970275171254,276,2,123.869,7125.100896540323
2085,,,,2647.0,1199.243491828861,-4493.970275171254,277,2,123.847,6535.579618082973
2086,,,,2646.0,1200.243491828861,-4492.970275171254,278,2,123.824,6837.106634888004
2087,,,,2646.0,1201.243491828861,-4491.970275171254,279,2,123.801,6841.5321522736485
2088,,,,2647.0,1202.243491828861,-4490.970275171254,280,2,123.779,6548.331761555424
2089,,,,2644.0,1203.243491828861,-4489.970275171254,281,2,123.758,6254.792968973892
2090,,,,2641.0,1204.243491828861,-4488.970275171254,282,2,123.736,6556.946852864651
2091,,,,2636.0,1205.243491828861,-4487.970275171254,283,2,123.715,6263.01285322765
2092,,,,2636.0,1206.243491828861,-4486.970275171254,284,2,123.693,6565.554376182348
2093,,,,2637.0,1207.243491828861,-4485.970275171254,285,2,123.672,6271.225513481407
2094,,,,2634.0,1208.243491828861,-4484.970275171254,286,2,123.651,6275.354507721614
2095,,,,2631.0,1209.243491828861,-4483.970275171254,287,2,123.631,5980.482982927298
2096,,,,2628.0,1210.243491828861,-4482.970275171254,288,2,123.608,6882.045985553185
2097,,,,2626.0,1211.243491828861,-4481.970275171254,289,2,123.584,7185.832829572108
2098,,,,2625.0,1212.243491828861,-4480.970275171254,290,2,123.561,6890.79810912385
2099,,,,2623.0,1213.243491828861,-4479.970275171254,291,2,123.537,7194.9609682545415
2100,,,,2622.0,1214.243491828861,-4478.970275171254,292,2,123.513,7199.492511751955
2101,,,,2621.0,1215.243491828861,-4477.970275171254,293,2,123.488,7504.158943132218
2102,,,,2621.0,1216.243491828861,-4476.970275171254,294,2,123.465,6908.164517863931
2103,,,,2622.0,1217.243491828861,-4475.970275171254,295,2,123.442,6912.556593253846
2104,,,,2623.0,1218.243491828861,-4474.970275171254,296,2,123.419,6916.946552635219
2105,,,,2622.0,1219.243491828861,-4473.970275171254,297,2,123.397,6620.433636940507
2106,,,,2621.0,1220.243491828861,-4472.970275171254,298,2,123.374,6925.776254611412
2107,,,,2620.0,1221.243491828861,-4471.970275171254,299,2,123.35,7231.441902671887
2108,,,,2619.0,1222.243491828861,-4470.970275171254,300,2,123.329,6331.537848738123
2109,,,,2618.0,1223.243491828861,-4469.970275171254,301,2,123.307,6637.3094007128575
2110,,,,2618.0,1224.243491828861,-4468.970275171254,302,2,123.285,6641.550325017056
2111,,,,2617.0,1225.243491828861,-4467.970275171254,303,2,123.263,6645.789313312674
2112,,,,2616.0,1226.243491828861,-4466.970275171254,304,2,123.242,6347.7781910189815
2113,,,,2614.0,1227.243491828861,-4465.970275171254,305,2,123.22,6654.315480630429
2114,,,,2612.0,1228.243491828861,-4464.970275171254,306,2,123.197,6961.181760096656
2115,,,,2611.0,1229.243491828861,-4463.970275171254,307,2,123.176,6359.900543059632
2116,,,,2610.0,1230.243491828861,-4462.970275171254,308,2,123.152,7273.042052525548
2117,,,,2610.0,1231.243491828861,-4461.970275171254,309,2,123.129,6974.333203454213
2118,,,,2610.0,1232.243491828861,-4460.970275171254,310,2,123.106,6978.693952844169
2119,,,,2610.0,1233.243491828861,-4459.970275171254,311,2,123.084,6679.468735571017
2120,,,,2609.0,1234.243491828861,-4458.970275171254,312,2,123.062,6683.690167875242
2121,,,,2608.0,1235.243491828861,-4457.970275171254,313,2,123.041,6383.939710460963
2122,,,,2606.0,1236.243491828861,-4456.970275171254,314,2,123.02,6388.01750670117
2123,,,,2605.0,1237.243491828861,-4455.970275171254,315,2,122.998,6696.45172619793
2124,,,,2600.0,1238.243491828861,-4454.970275171254,316,2,122.975,7005.21272756242
2125,,,,2597.0,1239.243491828861,-4453.970275171254,317,2,122.953,6704.822816084105
2126,,,,2594.0,1240.243491828861,-4452.970275171254,318,2,122.929,7318.885206189013
2127,,,,2592.0,1241.243491828861,-4451.970275171254,319,2,122.904,7628.465283170844
2128,,,,2593.0,1242.243491828861,-4450.970275171254,320,2,122.882,6717.173295415627
2129,,,,2596.0,1243.243491828861,-4449.970275171254,321,2,122.861,6415.886093662739
2130,,,,2598.0,1244.243491828861,-4448.970275171254,322,2,122.84,6419.949273902946
2131,,,,2599.0,1245.243491828861,-4447.970275171254,323,2,122.822,5506.362120414118
2132,,,,2598.0,1246.243491828861,-4446.970275171254,324,2,122.802,6122.146228738225
2133,,,,2596.0,1247.243491828861,-4445.970275171254,325,2,122.783,5819.781565876697
2134,,,,2594.0,1248.243491828861,-4444.970275171254,326,2,122.761,6742.971399069475
2135,,,,2593.0,1249.243491828861,-4443.970275171254,327,2,122.738,7053.824644010166
2136,,,,2590.0,1250.243491828861,-4442.970275171254,328,2,122.712,7978.678891803091
2137,,,,2588.0,1251.243491828861,-4441.970275171254,329,2,122.686,7983.3689106021375
2138,,,,2587.0,1252.243491828861,-4440.970275171254,330,2,122.662,7373.650469597736
2139,,,,2589.0,1253.243491828861,-4439.970275171254,331,2,122.637,7685.4843825549415
2140,,,,2589.0,1254.243491828861,-4438.970275171254,332,2,122.613,7382.477192904955
2141,,,,2586.0,1255.243491828861,-4437.970275171254,333,2,122.591,6771.3959537506025
2142,,,,2585.0,1256.243491828861,-4436.970275171254,334,2,122.567,7391.4754072749965
2143,,,,2585.0,1257.243491828861,-4435.970275171254,335,2,122.544,7087.776819089078
2144,,,,2586.0,1258.243491828861,-4434.970275171254,336,2,122.521,7092.083150474723
2145,,,,2585.0,1259.243491828861,-4433.970275171254,337,2,122.499,6787.876488095683
2146,,,,2585.0,1260.243491828861,-4432.970275171254,338,2,122.477,6792.047012391207
2147,,,,2586.0,1261.243491828861,-4431.970275171254,339,2,122.457,6178.428268555365
2148,,,,2586.0,1262.243491828861,-4430.970275171254,340,2,122.436,6491.406504329203
2149,,,,2586.0,1263.243491828861,-4429.970275171254,341,2,122.416,6186.153909228769
2150,,,,2586.0,1264.243491828861,-4428.970275171254,342,2,122.394,6808.987883159041
2151,,,,2586.0,1265.243491828861,-4427.970275171254,343,2,122.371,7122.8084353855
2152,,,,2587.0,1266.243491828861,-4426.970275171254,344,2,122.348,7127.098344766743
2153,,,,2588.0,1267.243491828861,-4425.970275171254,345,2,122.324,7441.415991186307
2154,,,,2590.0,1268.243491828861,-4424.970275171254,346,2,122.302,6825.3973135041115
2155,,,,2589.0,1269.243491828861,-4423.970275171254,347,2,122.279,7139.955376928088
2156,,,,2588.0,1270.243491828861,-4422.970275171254,348,2,122.256,7144.236822309321
2157,,,,2588.0,1271.243491828861,-4421.970275171254,349,2,122.235,6526.959443775578
2158,,,,2587.0,1272.243491828861,-4420.970275171254,350,2,122.214,6530.971636015785
2159,,,,2585.0,1273.243491828861,-4419.970275171254,351,2,122.194,6223.817907016926
2160,,,,2583.0,1274.243491828861,-4418.970275171254,352,2,122.171,7161.751750256267
2161,,,,2581.0,1275.243491828861,-4417.970275171254,353,2,122.149,6854.484778321536
2162,,,,2581.0,1276.243491828861,-4416.970275171254,354,2,122.126,7170.35071622818
2163,,,,2583.0,1277.243491828861,-4415.970275171254,355,2,122.103,7174.617717618257
2164,,,,2585.0,1278.243491828861,-4414.970275171254,356,2,122.08,7178.882602999468
2165,,,,2586.0,1279.243491828861,-4413.970275171254,357,2,122.057,7183.145372385113
2166,,,,2589.0,1280.243491828861,-4412.970275171254,358,2,122.033,7499.8712140924445
2167,,,,2590.0,1281.243491828861,-4411.970275171254,359,2,122.011,6878.955307839157
2168,,,,2591.0,1282.243491828861,-4410.970275171254,360,2,121.988,7195.9209845420455
2169,,,,2592.0,1283.243491828861,-4409.970275171254,361,2,121.965,7200.175289927691
2170,,,,2593.0,1284.243491828861,-4408.970275171254,362,2,121.941,7517.632634832528
2171,,,,2593.0,1285.243491828861,-4407.970275171254,363,2,121.918,7208.618431498355
2172,,,,2593.0,1286.243491828861,-4406.970275171254,364,2,121.896,6899.291755770509
2173,,,,2593.0,1287.243491828861,-4405.970275171254,365,2,121.874,6903.409612070419
2174,,,,2592.0,1288.243491828861,-4404.970275171254,366,2,121.851,7221.474336056536
2175,,,,2592.0,1289.243491828861,-4403.970275171254,367,2,121.83,6597.447009979572
2176,,,,2592.0,1290.243491828861,-4402.970275171254,368,2,121.808,6915.751564965684
2177,,,,2592.0,1291.243491828861,-4401.970275171254,369,2,121.788,6290.834992714083
2178,,,,2593.0,1292.243491828861,-4400.970275171254,370,2,121.767,6609.379636700192
2179,,,,2592.0,1293.243491828861,-4399.970275171254,371,2,121.747,6298.457913383011
2180,,,,2591.0,1294.243491828861,-4398.970275171254,372,2,121.726,6617.380259407264
2181,,,,2589.0,1295.243491828861,-4397.970275171254,373,2,121.707,5990.795169982847
2182,,,,2589.0,1296.243491828861,-4396.970275171254,374,2,121.686,6625.428436336509
2183,,,,2588.0,1297.243491828861,-4395.970275171254,375,2,121.665,6629.395520581199
2184,,,,2588.0,1298.243491828861,-4394.970275171254,376,2,121.643,6949.206605219482
2185,,,,2587.0,1299.243491828861,-4393.970275171254,377,2,121.624,6005.198264009623
2186,,,,2587.0,1300.243491828861,-4392.970275171254,378,2,121.603,6641.340799528477
2187,,,,2588.0,1301.243491828861,-4391.970275171254,379,2,121.582,6645.300869768684
2188,,,,2587.0,1302.243491828861,-4390.970275171254,380,2,121.564,5699.435329156179
2189,,,,2585.0,1303.243491828861,-4389.970275171254,381,2,121.545,6019.774219042654
2190,,,,2583.0,1304.243491828861,-4388.970275171254,382,2,121.524,6657.44438762259
2191,,,,2580.0,1305.243491828861,-4387.970275171254,383,2,121.502,6978.578306596183
2192,,,,2578.0,1306.243491828861,-4386.970275171254,384,2,121.478,7617.385047470128
2193,,,,2576.0,1307.243491828861,-4385.970275171254,385,2,121.453,7939.249217834217
2194,,,,2574.0,1308.243491828861,-4384.970275171254,386,2,121.43,7308.252392593764
2195,,,,2573.0,1309.243491828861,-4383.970275171254,387,2,121.407,7312.453521983926
2196,,,,2572.0,1310.243491828861,-4382.970275171254,388,2,121.384,7316.652535365052
2197,,,,2570.0,1311.243491828861,-4381.970275171254,389,2,121.363,6684.308902130843
2198,,,,2568.0,1312.243491828861,-4380.970275171254,390,2,121.341,7006.708377700074
2199,,,,2564.0,1313.243491828861,-4379.970275171254,391,2,121.32,6692.132558384601
2200,,,,2560.0,1314.243491828861,-4378.970275171254,392,2,121.297,7333.72970491075
2201,,,,2556.0,1315.243491828861,-4377.970275171254,393,2,121.274,7337.918368296395
2202,,,,2551.0,1316.243491828861,-4376.970275171254,394,2,121.252,7022.911920186077
2203,,,,2547.0,1317.243491828861,-4375.970275171254,395,2,121.228,7665.724845568183
2204,,,,2543.0,1318.243491828861,-4374.970275171254,396,2,121.202,8309.12601282464
2205,,,,2542.0,1319.243491828861,-4373.970275171254,397,2,121.179,7354.4698062371
2206,,,,2541.0,1320.243491828861,-4372.970275171254,398,2,121.156,7358.647751622745
2207,,,,2540.0,1321.243491828861,-4371.970275171254,399,2,121.133,7362.823581012938
2208,,,,2539.0,1322.243491828861,-4370.970275171254,400,2,121.111,7046.722153558225
2209,,,,2536.0,1323.243491828861,-4369.970275171254,401,2,121.088,7371.229760984856
2210,,,,2534.0,1324.243491828861,-4368.970275171254,402,2,121.066,7054.758887444401
2211,,,,2531.0,1325.243491828861,-4367.970275171254,403,2,121.044,7058.803439748868
2212,,,,2529.0,1326.243491828861,-4366.970275171254,404,2,121.022,7062.846056044217
2213,,,,2527.0,1327.243491828861,-4365.970275171254,405,2,120.999,7388.078334129316
2214,,,,2523.0,1328.243491828861,-4364.970275171254,406,2,120.976,7392.239535510395
2215,,,,2519.0,1329.243491828861,-4363.970275171254,407,2,120.954,7074.84531552123
2216,,,,2517.0,1330.243491828861,-4362.970275171254,408,2,120.933,6757.140757663845
2217,,,,2515.0,1331.243491828861,-4361.970275171254,409,2,120.914,6117.187650600113
2218,,,,2514.0,1332.243491828861,-4360.970275171254,410,2,120.892,7087.178335275525
2219,,,,2511.0,1333.243491828861,-4359.970275171254,411,2,120.871,6768.907872615695
2220,,,,2509.0,1334.243491828861,-4358.970275171254,412,2,120.851,6450.320106635835
2221,,,,2506.0,1335.243491828861,-4357.970275171254,413,2,120.829,7099.436236316178
2222,,,,2503.0,1336.243491828861,-4356.970275171254,414,2,120.806,7426.313511404288
2223,,,,2502.0,1337.243491828861,-4355.970275171254,415,2,120.784,7107.4224141977675
2224,,,,2503.0,1338.243491828861,-4354.970275171254,416,2,120.76,7757.872463767743
2225,,,,2503.0,1339.243491828861,-4353.970275171254,417,2,120.739,6791.945244696997
2226,,,,2502.0,1340.243491828861,-4352.970275171254,418,2,120.718,6795.834628937204
2227,,,,2500.0,1341.243491828861,-4351.970275171254,419,2,120.696,7123.489039402001
2228,,,,2498.0,1342.243491828861,-4350.970275171254,420,2,120.675,6803.551731190962
2229,,,,2495.0,1343.243491828861,-4349.970275171254,421,2,120.653,7131.569838710857
2230,,,,2494.0,1344.243491828861,-4348.970275171254,422,2,120.632,6811.261609444719
2231,,,,2494.0,1345.243491828861,-4347.970275171254,423,2,120.609,7464.141359885941
2232,,,,2493.0,1346.243491828861,-4346.970275171254,424,2,120.584,8117.612663114192
2233,,,,2493.0,1347.243491828861,-4345.970275171254,425,2,120.561,7472.26373225137
2234,,,,2491.0,1348.243491828861,-4344.970275171254,426,2,120.538,7476.383625641633
2235,,,,2490.0,1349.243491828861,-4343.970275171254,427,2,120.515,7480.501403022658
2236,,,,2488.0,1350.243491828861,-4342.970275171254,428,2,120.493,7159.228636532995
2237,,,,2487.0,1351.243491828861,-4341.970275171254,429,2,120.47,7488.792766994571
2238,,,,2487.0,1352.243491828861,-4340.970275171254,430,2,120.445,8144.393520850602
2239,,,,2486.0,1353.243491828861,-4339.970275171254,431,2,120.42,8148.724841481185
2240,,,,2484.0,1354.243491828861,-4338.970275171254,432,2,120.397,7500.871664349008
2241,,,,2481.0,1355.243491828861,-4337.970275171254,433,2,120.374,7504.976607739289
2242,,,,2479.0,1356.243491828861,-4336.970275171254,434,2,120.353,6856.172968207469
2243,,,,2478.0,1357.243491828861,-4335.970275171254,435,2,120.33,7513.305012907189
2244,,,,2476.0,1358.243491828861,-4334.970275171254,436,2,120.306,7844.214741593812
2245,,,,2474.0,1359.243491828861,-4333.970275171254,437,2,120.283,7521.437746477854
2246,,,,2471.0,1360.243491828861,-4332.970275171254,438,2,120.259,7852.696560276247
2247,,,,2470.0,1361.243491828861,-4331.970275171254,439,2,120.234,8184.2382770118165
2248,,,,2470.0,1362.243491828861,-4330.970275171254,440,2,120.211,7533.526637032915
2249,,,,2469.0,1363.243491828861,-4329.970275171254,441,2,120.186,8192.991142626774
2250,,,,2467.0,1364.243491828861,-4328.970275171254,442,2,120.162,7869.436674578292
2251,,,,2463.0,1365.243491828861,-4327.970275171254,443,2,120.137,8201.666146076452
2252,,,,2461.0,1366.243491828861,-4326.970275171254,444,2,120.112,8205.965816711665
2253,,,,2459.0,1367.243491828861,-4325.970275171254,445,2,120.089,7553.504841556767
2254,,,,2459.0,1368.243491828861,-4324.970275171254,446,2,120.064,8214.694482331279
2255,,,,2459.0,1369.243491828861,-4323.970275171254,447,2,120.04,7890.260144685471
2256,,,,2458.0,1370.243491828861,-4322.970275171254,448,2,120.016,7894.444120187556
2257,,,,2456.0,1371.243491828861,-4321.970275171254,449,2,119.992,7898.62579168497
2258,,,,2453.0,1372.243491828861,-4320.970275171254,450,2,119.969,7573.553172486549
2259,,,,2451.0,1373.243491828861,-4319.970275171254,451,2,119.948,6918.753635411463
2260,,,,2450.0,1374.243491828861,-4318.970275171254,452,2,119.925,7581.809909654406
2261,,,,2449.0,1375.243491828861,-4317.970275171254,453,2,119.905,6596.492932905002
2262,,,,2447.0,1376.243491828861,-4316.970275171254,454,2,119.886,6270.205259835354
2263,,,,2444.0,1377.243491828861,-4315.970275171254,455,2,119.866,6603.937633057747
2264,,,,2439.0,1378.243491828861,-4314.970275171254,456,2,119.849,5616.555856942489
2265,,,,2434.0,1379.243491828861,-4313.970275171254,457,2,119.828,6942.031790212647
2266,,,,2429.0,1380.243491828861,-4312.970275171254,458,2,119.811,5622.922892351045
2267,,,,2425.0,1381.243491828861,-4311.970275171254,459,2,119.793,5957.126381091149
2268,,,,2421.0,1382.243491828861,-4310.970275171254,460,2,119.776,5629.425748600473
2269,,,,2417.0,1383.243491828861,-4309.970275171254,461,2,119.761,4970.069944533336
2270,,,,2416.0,1384.243491828861,-4308.970275171254,462,2,119.746,4973.040089962013
2271,,,,2412.0,1385.243491828861,-4307.970275171254,463,2,119.731,4976.0093353906905
2272,,,,2410.0,1386.243491828861,-4306.970275171254,464,2,119.718,4315.150032371094
2273,,,,2409.0,1387.243491828861,-4305.970275171254,465,2,119.706,3985.6726294517493
2274,,,,2408.0,1388.243491828861,-4304.970275171254,466,2,119.694,3988.1459033261026
2275,,,,2407.0,1389.243491828861,-4303.970275171254,467,2,119.682,3990.6186012004564
2276,,,,2406.0,1390.243491828861,-4302.970275171254,468,2,119.669,4325.830210167226
2277,,,,2405.0,1391.243491828861,-4301.970275171254,469,2,119.657,3995.528879105359
2278,,,,2405.0,1392.243491828861,-4300.970275171254,470,2,119.64,5663.714744689542
2279,,,,2404.0,1393.243491828861,-4299.970275171254,471,2,119.623,5666.977498951264
2280,,,,2403.0,1394.243491828861,-4298.970275171254,472,2,119.604,6337.273068576936
2281,,,,2402.0,1395.243491828861,-4297.970275171254,473,2,119.584,6674.510006469904
2282,,,,2400.0,1396.243491828861,-4296.970275171254,474,2,119.563,7012.056289148594
2283,,,,2399.0,1397.243491828861,-4295.970275171254,475,2,119.543,6681.786047143303
2284,,,,2399.0,1398.243491828861,-4294.970275171254,476,2,119.524,6351.20366036178
2285,,,,2401.0,1399.243491828861,-4293.970275171254,477,2,119.508,5351.423525423167
2286,,,,2404.0,1400.243491828861,-4292.970275171254,478,2,119.491,5689.165503159931
2287,,,,2408.0,1401.243491828861,-4291.970275171254,479,2,119.476,5022.764302678202
2288,,,,2411.0,1402.243491828861,-4290.970275171254,480,2,119.464,4020.6247192512087
2289,,,,2418.0,1403.243491828861,-4289.970275171254,481,2,119.453,3687.845978708587
2290,,,,2422.0,1404.243491828861,-4288.970275171254,482,2,119.444,3019.2260172070687
2291,,,,2425.0,1405.243491828861,-4287.970275171254,483,2,119.434,3356.8175484126637
2292,,,,2425.0,1406.243491828861,-4286.970275171254,484,2,119.428,2015.3887976714286
2293,,,,2426.0,1407.243491828861,-4285.970275171254,485,2,119.421,2352.830905455726
2294,,,,2429.0,1408.243491828861,-4284.970275171254,486,2,119.419,672.6897511800223
2295,,,,2431.0,1409.243491828861,-4283.970275171254,487,2,119.417,673.1561572273068
2313,,,,2446.0,1427.243491828861,-4265.970275171254,505,2,119.413,1363.4742526156138
2314,,,,2448.0,1428.243491828861,-4264.970275171254,506,2,119.396,5798.315800681297
2315,,,,2451.0,1429.243491828861,-4263.970275171254,507,2,119.377,6484.030369216462
2316,,,,2454.0,1430.243491828861,-4262.970275171254,508,2,119.357,6828.954995564067
2317,,,,2456.0,1431.243491828861,-4261.970275171254,509,2,119.337,6832.584680770603
2318,,,,2457.0,1432.243491828861,-4260.970275171254,510,2,119.319,6152.643050146588
2319,,,,2461.0,1433.243491828861,-4259.970275171254,511,2,119.301,6156.010116363884
2320,,,,2463.0,1434.243491828861,-4258.970275171254,512,2,119.285,5475.046683865518
2321,,,,2465.0,1435.243491828861,-4257.970275171254,513,2,119.271,4793.40325011272
2322,,,,2467.0,1436.243491828861,-4256.970275171254,514,2,119.26,3768.47455984225
2323,,,,2469.0,1437.243491828861,-4255.970275171254,515,2,119.248,4113.528848989571
2324,,,,2474.0,1438.243491828861,-4254.970275171254,516,2,119.236,4115.976730863925
2325,,,,2476.0,1439.243491828861,-4253.970275171254,517,2,119.227,3088.856887127988
2326,,,,2478.0,1440.243491828861,-4252.970275171254,518,2,119.216,3777.5757681470363
2327,,,,2482.0,1441.243491828861,-4251.970275171254,519,2,119.207,3092.6303734709295
2328,,,,2487.0,1442.243491828861,-4250.970275171254,520,2,119.198,3094.5425370252533
2329,,,,2494.0,1443.243491828861,-4249.970275171254,521,2,119.187,3784.5235977943667
2330,,,,2497.0,1444.243491828861,-4248.970275171254,522,2,119.178,3098.313899368195
2331,,,,2500.0,1445.243491828861,-4247.970275171254,523,2,119.169,3100.225054922519
2332,,,,2503.0,1446.243491828861,-4246.970275171254,524,2,119.159,3446.803189202753
2333,,,,2506.0,1447.243491828861,-4245.970275171254,525,2,119.15,3104.020343648314
2334,,,,2511.0,1448.243491828861,-4244.970275171254,526,2,119.142,2760.8387052424373
2335,,,,2515.0,1449.243491828861,-4243.970275171254,527,2,119.136,2071.9370444760625
2336,,,,2520.0,1450.243491828861,-4242.970275171254,528,2,119.128,2764.3265226953617
2337,,,,2524.0,1451.243491828861,-4241.970275171254,529,2,119.122,2074.5525715694353
2338,,,,2527.0,1452.243491828861,-4240.970275171254,530,2,119.116,2075.8775100380235
2340,,,,2536.0,1454.243491828861,-4238.970275171254,532,2,119.115,346.4458813035356
2353,,,,2590.0,1467.243491828861,-4225.970275171254,545,2,119.102,4543.790457605805
2354,,,,2594.0,1468.243491828861,-4224.970275171254,546,2,119.086,5595.487693309592
2355,,,,2598.0,1469.243491828861,-4223.970275171254,547,2,119.072,4898.769281376218
2356,,,,2603.0,1470.243491828861,-4222.970275171254,548,2,119.061,3851.248427834991
2357,,,,2606.0,1471.243491828861,-4221.970275171254,549,2,119.052,3152.8998141287298
2358,,,,2609.0,1472.243491828861,-4220.970275171254,550,2,119.047,1752.6985158081873
2374,,,,2683.0,1488.243491828861,-4204.970275171254,566,2,119.034,4606.192484112209
2375,,,,2688.0,1489.243491828861,-4203.970275171254,567,2,119.018,5672.278267471398
2376,,,,2695.0,1490.243491828861,-4202.970275171254,568,2,119.001,6030.0065165859805
2377,,,,2699.0,1491.243491828861,-4201.970275171254,569,2,118.985,5678.321178344029
2378,,,,2702.0,1492.243491828861,-4200.970275171254,570,2,118.971,4971.236092781304
2379,,,,2703.0,1493.243491828861,-4199.970275171254,571,2,118.958,4618.717099977395
2380,,,,2704.0,1494.243491828861,-4198.970275171254,572,2,118.948,3554.8949216721885
2381,,,,2706.0,1495.243491828861,-4197.970275171254,573,2,118.944,1422.8258590292894
2400,,,,2790.0,1514.243491828861,-4178.970275171254,592,2,118.942,720.4346545978408
2401,,,,2793.0,1515.243491828861,-4177.970275171254,593,2,118.927,5406.441812362673
2402,,,,2796.0,1516.243491828861,-4176.970275171254,594,2,118.912,5409.327537796472
2403,,,,2798.0,1517.243491828861,-4175.970275171254,595,2,118.896,5773.0022448793325
2404,,,,2800.0,1518.243491828861,-4174.970275171254,596,2,118.881,5415.050741349071
2405,,,,2801.0,1519.243491828861,-4173.970275171254,597,2,118.868,4695.582072206547
2406,,,,2802.0,1520.243491828861,-4172.970275171254,598,2,118.857,3975.398725043614
2407,,,,2805.0,1521.243491828861,-4171.970275171254,599,2,118.852,1808.066345994089
2408,,,,2809.0,1522.243491828861,-4170.970275171254,600,2,118.851,361.8418447399235
2446,,,,2880.0,1560.243491828861,-4132.970275171254,638,2,118.847,1483.4670300847592
2447,,,,2881.0,1561.243491828861,-4131.970275171254,639,2,118.832,5566.121878416088
2448,,,,2881.0,1562.243491828861,-4130.970275171254,640,2,118.818,5197.7403216622415
2449,,,,2880.0,1563.243491828861,-4129.970275171254,641,2,118.802,5943.326696450689
2450,,,,2879.0,1564.243491828861,-4128.970275171254,642,2,118.784,6689.5623764939855
2451,,,,2878.0,1565.243491828861,-4127.970275171254,643,2,118.767,6321.027664370204
2452,,,,2880.0,1566.243491828861,-4126.970275171254,644,2,118.75,6324.160742626642
2453,,,,2880.0,1567.243491828861,-4125.970275171254,645,2,118.733,6327.292664888364
2454,,,,2880.0,1568.243491828861,-4124.970275171254,646,2,118.714,7075.119535683495
2455,,,,2880.0,1569.243491828861,-4123.970275171254,647,2,118.697,6333.446332854364
2456,,,,2879.0,1570.243491828861,-4122.970275171254,648,2,118.679,6709.286144094873
2457,,,,2877.0,1571.243491828861,-4121.970275171254,649,2,118.661,6712.540746312167
2458,,,,2875.0,1572.243491828861,-4120.970275171254,650,2,118.642,7088.863849489855
2459,,,,2874.0,1573.243491828861,-4119.970275171254,651,2,118.624,6718.989425981052
2460,,,,2875.0,1574.243491828861,-4118.970275171254,652,2,118.606,6722.240104198347
2461,,,,2874.0,1575.243491828861,-4117.970275171254,653,2,118.589,6351.877960752364
2462,,,,2873.0,1576.243491828861,-4116.970275171254,654,2,118.574,5607.399528789335
2463,,,,2872.0,1577.243491828861,-4115.970275171254,655,2,118.559,5610.247214218011
2464,,,,2873.0,1578.243491828861,-4114.970275171254,656,2,118.545,5238.909828410689
2465,,,,2874.0,1579.243491828861,-4113.970275171254,657,2,118.532,4867.230021061999
2466,,,,2875.0,1580.243491828861,-4112.970275171254,658,2,118.517,5618.927092418307
2467,,,,2876.0,1581.243491828861,-4111.970275171254,659,2,118.502,5621.771267846984
2468,,,,2879.0,1582.243491828861,-4110.970275171254,660,2,118.487,5624.614543275662
2469,,,,2881.0,1583.243491828861,-4109.970275171254,661,2,118.472,5627.456918704339
2470,,,,2881.0,1584.243491828861,-4108.970275171254,662,2,118.457,5630.298394133016
2471,,,,2881.0,1585.243491828861,-4107.970275171254,663,2,118.442,5633.138969561693
2472,,,,2882.0,1586.243491828861,-4106.970275171254,664,2,118.426,6011.685174756966
2473,,,,2883.0,1587.243491828861,-4105.970275171254,665,2,118.412,5262.874037647111
2474,,,,2884.0,1588.243491828861,-4104.970275171254,666,2,118.397,5641.655295847725
2475,,,,2885.0,1589.243491828861,-4103.970275171254,667,2,118.38,6397.037206504765
2476,,,,2887.0,1590.243491828861,-4102.970275171254,668,2,118.364,6023.689683669171
2477,,,,2888.0,1591.243491828861,-4101.970275171254,669,2,118.347,6403.302249306937
2478,,,,2889.0,1592.243491828861,-4100.970275171254,670,2,118.33,6406.406019563306
2479,,,,2890.0,1593.243491828861,-4099.970275171254,671,2,118.315,5655.496591857826
2480,,,,2891.0,1594.243491828861,-4098.970275171254,672,2,118.298,6412.718500644195
2481,,,,2892.0,1595.243491828861,-4097.970275171254,673,2,118.279,7170.5604717635915
2482,,,,2892.0,1596.243491828861,-4096.970275171254,674,2,118.263,6041.25804870357
2483,,,,2892.0,1597.243491828861,-4095.970275171254,675,2,118.247,6044.224932041121
2484,,,,2892.0,1598.243491828861,-4094.970275171254,676,2,118.229,6803.032103527248
2485,,,,2891.0,1599.243491828861,-4093.970275171254,677,2,118.214,5671.948934077585
2486,,,,2887.0,1600.243491828861,-4092.970275171254,678,2,118.197,6431.35779049325
2487,,,,2884.0,1601.243491828861,-4091.970275171254,679,2,118.18,6434.4512587549725
2488,,,,2881.0,1602.243491828861,-4090.970275171254,680,2,118.162,6816.193764224959
2489,,,,2878.0,1603.243491828861,-4089.970275171254,681,2,118.143,7198.234613397828
2490,,,,2877.0,1604.243491828861,-4088.970275171254,682,2,118.124,7201.566144596728
2491,,,,2876.0,1605.243491828861,-4087.970275171254,683,2,118.106,6825.720061345431
2492,,,,2874.0,1606.243491828861,-4086.970275171254,684,2,118.088,6828.931355562726
2493,,,,2872.0,1607.243491828861,-4085.970275171254,685,2,118.071,6452.60526837425
2494,,,,2867.0,1608.243491828861,-4084.970275171254,686,2,118.052,7215.122282397692
2495,,,,2865.0,1609.243491828861,-4083.970275171254,687,2,118.033,7218.446745601989
2496,,,,2864.0,1610.243491828861,-4082.970275171254,688,2,118.015,6841.705603666201
2497,,,,2863.0,1611.243491828861,-4081.970275171254,689,2,117.999,6084.41634368998
2498,,,,2860.0,1612.243491828861,-4080.970275171254,690,2,117.98,7228.656532204042
2499,,,,2855.0,1613.243491828861,-4079.970275171254,691,2,117.962,6851.374127083792
2500,,,,2853.0,1614.243491828861,-4078.970275171254,692,2,117.943,7235.354107859939
2501,,,,2850.0,1615.243491828861,-4077.970275171254,693,2,117.923,7619.620428872606
2502,,,,2848.0,1616.243491828861,-4076.970275171254,694,2,117.903,7623.044754079143
2503,,,,2846.0,1617.243491828861,-4075.970275171254,695,2,117.884,7245.174832951262
2504,,,,2846.0,1618.243491828861,-4074.970275171254,696,2,117.864,7629.953334231888
2505,,,,2846.0,1619.243491828861,-4073.970275171254,697,2,117.846,6870.093902261915
2506,,,,2844.0,1620.243491828861,-4072.970275171254,698,2,117.827,7255.105244547964
2507,,,,2840.0,1621.243491828861,-4071.970275171254,699,2,117.807,7640.401779070516
2508,,,,2839.0,1622.243491828861,-4070.970275171254,700,2,117.789,6879.4933986166825
2509,,,,2837.0,1623.243491828861,-4069.970275171254,701,2,117.77,7265.022660144665
2510,,,,2836.0,1624.243491828861,-4068.970275171254,702,2,117.752,6885.811362285566
2511,,,,2835.0,1625.243491828861,-4067.970275171254,703,2,117.734,6888.997600502861
2512,,,,2834.0,1626.243491828861,-4066.970275171254,704,2,117.717,6509.311158706584
2513,,,,2834.0,1627.243491828861,-4065.970275171254,705,2,117.701,6129.318533751915
2514,,,,2834.0,1628.243491828861,-4064.970275171254,706,2,117.683,6898.724389446417
2515,,,,2833.0,1629.243491828861,-4063.970275171254,707,2,117.667,6135.079292832807
2516,,,,2832.0,1630.243491828861,-4062.970275171254,708,2,117.65,6521.6081320321955
2517,,,,2831.0,1631.243491828861,-4061.970275171254,709,2,117.633,6524.665662299371
2518,,,,2831.0,1632.243491828861,-4060.970275171254,710,2,117.616,6527.7220365556395
2519,,,,2832.0,1633.243491828861,-4059.970275171254,711,2,117.597,7299.041927429392
2520,,,,2833.0,1634.243491828861,-4058.970275171254,712,2,117.58,6533.720188521639
2521,,,,2835.0,1635.243491828861,-4057.970275171254,713,2,117.561,7305.743008327107
2522,,,,2838.0,1636.243491828861,-4056.970275171254,714,2,117.543,6924.373018253048
2523,,,,2840.0,1637.243491828861,-4055.970275171254,715,2,117.525,6927.543956470343
2524,,,,2841.0,1638.243491828861,-4054.970275171254,716,2,117.506,7315.722116434652
2525,,,,2841.0,1639.243491828861,-4053.970275171254,717,2,117.487,7319.004171633553
2526,,,,2842.0,1640.243491828861,-4052.970275171254,718,2,117.468,7322.284782826977
2527,,,,2843.0,1641.243491828861,-4051.970275171254,719,2,117.45,6940.037495042406
2528,,,,2842.0,1642.243491828861,-4050.970275171254,720,2,117.431,7328.904078482944
2529,,,,2843.0,1643.243491828861,-4049.970275171254,721,2,117.414,6560.42780325375
2530,,,,2843.0,1644.243491828861,-4048.970275171254,722,2,117.396,6949.52665769429
2531,,,,2842.0,1645.243491828861,-4047.970275171254,723,2,117.378,6952.687119911585
2532,,,,2843.0,1646.243491828861,-4046.970275171254,724,2,117.361,6569.4383674814735
2533,,,,2843.0,1647.243491828861,-4045.970275171254,725,2,117.343,6959.063457111882
2534,,,,2841.0,1648.243491828861,-4044.970275171254,726,2,117.326,6575.458083731692
2535,,,,2837.0,1649.243491828861,-4043.970275171254,727,2,117.308,6965.434754306678
2536,,,,2834.0,1650.243491828861,-4042.970275171254,728,2,117.29,6968.588808529473
2537,,,,2834.0,1651.243491828861,-4041.970275171254,729,2,117.271,7359.029169052633
2538,,,,2835.0,1652.243491828861,-4040.970275171254,730,2,117.252,7362.292908251533
2539,,,,2835.0,1653.243491828861,-4039.970275171254,731,2,117.232,7753.182938758429
2540,,,,2837.0,1654.243491828861,-4038.970275171254,732,2,117.212,7756.549223964967
2541,,,,2838.0,1655.243491828861,-4037.970275171254,733,2,117.191,8147.874844518679
2542,,,,2839.0,1656.243491828861,-4036.970275171254,734,2,117.174,6598.813601360418
2543,,,,2840.0,1657.243491828861,-4035.970275171254,735,2,117.157,6601.839919627659
2544,,,,2840.0,1658.243491828861,-4034.970275171254,736,2,117.141,6216.37013837285
2545,,,,2839.0,1659.243491828861,-4033.970275171254,737,2,117.124,6607.94550242983
2546,,,,2838.0,1660.243491828861,-4032.970275171254,738,2,117.109,5833.257207323464
2547,,,,2837.0,1661.243491828861,-4031.970275171254,739,2,117.093,6225.0647723693955
2548,,,,2836.0,1662.243491828861,-4030.970275171254,740,2,117.078,5838.738310876064
2549,,,,2838.0,1663.243491828861,-4029.970275171254,741,2,117.062,6230.909298831033
2550,,,,2841.0,1664.243491828861,-4028.970275171254,742,2,117.048,5454.624614207126
2551,,,,2843.0,1665.243491828861,-4027.970275171254,743,2,117.034,5457.249378758328
2552,,,,2844.0,1666.243491828861,-4026.970275171254,744,2,117.02,5459.873359315073
2553,,,,2848.0,1667.243491828861,-4025.970275171254,745,2,117.006,5462.496555860733
2554,,,,2851.0,1668.243491828861,-4024.970275171254,746,2,116.99,6245.796865825864
2555,,,,2852.0,1669.243491828861,-4023.970275171254,747,2,116.976,5467.647119327595
2556,,,,2854.0,1670.243491828861,-4022.970275171254,748,2,116.96,6251.68130407371
2557,,,,2856.0,1671.243491828861,-4021.970275171254,749,2,116.944,6254.568603400339
2558,,,,2856.0,1672.243491828861,-4020.970275171254,750,2,116.927,6648.5173805160275
2559,,,,2857.0,1673.243491828861,-4019.970275171254,751,2,116.91,6651.52605278331
2560,,,,2858.0,1674.243491828861,-4018.970275171254,752,2,116.892,7045.946583778551
2561,,,,2859.0,1675.243491828861,-4017.970275171254,753,2,116.873,7440.652602476672
2562,,,,2859.0,1676.243491828861,-4016.970275171254,754,2,116.854,7443.883889681138
2563,,,,2859.0,1677.243491828861,-4015.970275171254,755,2,116.835,7447.113732880038
2564,,,,2859.0,1678.243491828861,-4014.970275171254,756,2,116.816,7450.342132073366
2565,,,,2861.0,1679.243491828861,-4013.970275171254,757,2,116.796,7845.828612260916
2566,,,,2864.0,1680.243491828861,-4012.970275171254,758,2,116.777,7456.73074922405
2567,,,,2868.0,1681.243491828861,-4011.970275171254,759,2,116.757,7852.550352413662
2568,,,,2872.0,1682.243491828861,-4010.970275171254,760,2,116.741,6284.807853682984
2569,,,,2874.0,1683.243491828861,-4009.970275171254,761,2,116.724,6680.633510935417
2570,,,,2877.0,1684.243491828861,-4008.970275171254,762,2,116.709,5897.370165421521
2571,,,,2879.0,1685.243491828861,-4007.970275171254,763,2,116.697,4720.151309445864
2572,,,,2881.0,1686.243491828861,-4006.970275171254,764,2,116.688,3541.8954360644425
2573,,,,2884.0,1687.243491828861,-4005.970275171254,765,2,116.681,2756.2522851142357
2574,,,,2886.0,1688.243491828861,-4004.970275171254,766,2,116.677,1575.8604990611248
2575,,,,2887.0,1689.243491828861,-4003.970275171254,767,2,116.675,788.376694614261
2597,,,,2944.0,1711.243491828861,-3981.970275171254,789,2,116.67,1996.550563002212
2598,,,,2946.0,1712.243491828861,-3980.970275171254,790,2,116.654,6392.120007801769
2599,,,,2949.0,1713.243491828861,-3979.970275171254,791,2,116.636,7194.286335757862
2600,,,,2952.0,1714.243491828861,-3978.970275171254,792,2,116.622,5598.054117836548
2601,,,,2955.0,1715.243491828861,-3977.970275171254,793,2,116.612,4000.531005734172
2602,,,,2959.0,1716.243491828861,-3976.970275171254,794,2,116.604,3202.0435375211023
2603,,,,2961.0,1717.243491828861,-3975.970275171254,795,2,116.597,2803.2402967678786
2604,,,,2962.0,1718.243491828861,-3974.970275171254,796,2,116.596,400.68235458626674
2620,,,,3005.0,1734.243491828861,-3958.970275171254,812,2,116.58,6470.143367213144
2621,,,,3006.0,1735.243491828861,-3957.970275171254,813,2,116.56,8091.093353698003
2622,,,,3006.0,1736.243491828861,-3956.970275171254,814,2,116.541,7689.6817895893955
2623,,,,3008.0,1737.243491828861,-3955.970275171254,815,2,116.529,4858.792087686816
2624,,,,3012.0,1738.243491828861,-3954.970275171254,816,2,116.517,4861.088313561168
2625,,,,3013.0,1739.243491828861,-3953.970275171254,817,2,116.512,2026.4708582850951
2626,,,,3014.0,1740.243491828861,-3952.970275171254,818,2,116.507,2027.5489911105026
2627,,,,3015.0,1741.243491828861,-3951.970275171254,819,2,116.504,1217.1866618236502
2628,,,,3018.0,1742.243491828861,-3950.970275171254,820,2,116.503,405.9549293025058
2650,,,,3072.0,1764.243491828861,-3928.970275171254,842,2,116.501,822.1515811382677
2651,,,,3074.0,1765.243491828861,-3927.970275171254,843,2,116.483,7402.922814604876
2652,,,,3078.0,1766.243491828861,-3926.970275171254,844,2,116.463,8228.787128955526
2653,,,,3079.0,1767.243491828861,-3925.970275171254,845,2,116.446,6997.317545450574
2654,,,,3080.0,1768.243491828861,-3924.970275171254,846,2,116.431,6176.7485946996785
2655,,,,3081.0,1769.243491828861,-3923.970275171254,847,2,116.42,4531.671279472484
2656,,,,3084.0,1770.243491828861,-3922.970275171254,848,2,116.411,3709.5080620141903
2657,,,,3088.0,1771.243491828861,-3921.970275171254,849,2,116.408,1237.1374155723577
2658,,,,3091.0,1772.243491828861,-3920.970275171254,850,2,116.407,412.6048685521064
2678,,,,3127.0,1792.243491828861,-3900.970275171254,870,2,116.389,7510.0880866285315
2679,,,,3128.0,1793.243491828861,-3899.970275171254,871,2,116.37,7930.477676373629
2680,,,,3130.0,1794.243491828861,-3898.970275171254,872,2,116.35,8351.126908372522
2681,,,,3131.0,1795.243491828861,-3897.970275171254,873,2,116.334,6683.590986439603
2682,,,,3133.0,1796.243491828861,-3896.970275171254,874,2,116.32,5850.645266875506
2683,,,,3134.0,1797.243491828861,-3895.970275171254,875,2,116.308,5017.06990820022
2684,,,,3136.0,1798.243491828861,-3894.970275171254,876,2,116.301,2928.013342737829
2685,,,,3138.0,1799.243491828861,-3893.970275171254,877,2,116.298,1255.5067108677513
2709,,,,3176.0,1823.243491828861,-3869.970275171254,901,2,116.286,5088.6871716424785
2710,,,,3176.0,1824.243491828861,-3868.970275171254,902,2,116.267,8060.4326383525795
2711,,,,3176.0,1825.243491828861,-3867.970275171254,903,2,116.247,8487.893305180227
2712,,,,3177.0,1826.243491828861,-3866.970275171254,904,2,116.229,7642.0400761156025
2713,,,,3180.0,1827.243491828861,-3865.970275171254,905,2,116.209,8494.416455072645
2714,,,,3184.0,1828.243491828861,-3864.970275171254,906,2,116.191,7647.908175018781
2715,,,,3186.0,1829.243491828861,-3863.970275171254,907,2,116.174,7225.886787638086
2716,,,,3188.0,1830.243491828861,-3862.970275171254,908,2,116.157,7228.779111905851
2717,,,,3188.0,1831.243491828861,-3861.970275171254,909,2,116.138,8082.385431749596
2718,,,,3189.0,1832.243491828861,-3860.970275171254,910,2,116.119,8085.476156954542
2719,,,,3189.0,1833.243491828861,-3859.970275171254,911,2,116.099,8514.242743708595
2720,,,,3189.0,1834.243491828861,-3858.970275171254,912,2,116.079,8517.419708921183
2721,,,,3189.0,1835.243491828861,-3857.970275171254,913,2,116.06,8094.60019003981
2722,,,,3188.0,1836.243491828861,-3856.970275171254,914,2,116.04,8523.842289067878
2723,,,,3187.0,1837.243491828861,-3855.970275171254,915,2,116.02,8527.01449428047
2724,,,,3186.0,1838.243491828861,-3854.970275171254,916,2,115.999,8956.65575134379
2725,,,,3184.0,1839.243491828861,-3853.970275171254,917,2,115.979,8533.280534947811
2726,,,,3182.0,1840.243491828861,-3852.970275171254,918,2,115.957,9390.011719460388
2727,,,,3181.0,1841.243491828861,-3851.970275171254,919,2,115.934,9820.259274963137
2728,,,,3180.0,1842.243491828861,-3850.970275171254,920,2,115.913,8969.491163851304
2729,,,,3177.0,1843.243491828861,-3849.970275171254,921,2,115.89,9827.195536135674
2730,,,,3175.0,1844.243491828861,-3848.970275171254,922,2,115.868,9403.20002994639
2731,,,,3174.0,1845.243491828861,-3847.970275171254,923,2,115.846,9406.512510240225
2732,,,,3173.0,1846.243491828861,-3846.970275171254,924,2,115.824,9409.823054546212
2733,,,,3173.0,1847.243491828861,-3845.970275171254,925,2,115.802,9413.131662840042
2734,,,,3168.0,1848.243491828861,-3844.970275171254,926,2,115.781,8988.457223932606
2735,,,,3165.0,1849.243491828861,-3843.970275171254,927,2,115.759,9419.824438159583
2736,,,,3162.0,1850.243491828861,-3842.970275171254,928,2,115.735,10279.686405538718
2737,,,,3159.0,1851.243491828861,-3841.970275171254,929,2,115.712,9854.689306424574
2738,,,,3156.0,1852.243491828861,-3840.970275171254,930,2,115.687,10715.182294145101
2739,,,,3151.0,1853.243491828861,-3839.970275171254,931,2,115.662,10718.650714774223
2740,,,,3148.0,1854.243491828861,-3838.970275171254,932,2,115.637,10722.11663541553
2741,,,,3147.0,1855.243491828861,-3837.970275171254,933,2,115.611,11154.555021957842
2742,,,,3145.0,1856.243491828861,-3836.970275171254,934,2,115.586,10728.948164511368
2743,,,,3141.0,1857.243491828861,-3835.970275171254,935,2,115.562,10303.154847582571
2744,,,,3139.0,1858.243491828861,-3834.970275171254,936,2,115.539,9877.164371716597
2745,,,,3139.0,1859.243491828861,-3833.970275171254,937,2,115.516,9880.512615102241
2746,,,,3138.0,1860.243491828861,-3832.970275171254,938,2,115.492,10313.547085450027
2747,,,,3136.0,1861.243491828861,-3831.970275171254,939,2,115.471,9027.445992668996
2748,,,,3133.0,1862.243491828861,-3830.970275171254,940,2,115.449,9460.643876931048
2749,,,,3129.0,1863.243491828861,-3829.970275171254,941,2,115.426,9894.055847046067
2750,,,,3128.0,1864.243491828861,-3828.970275171254,942,2,115.401,10757.943312211957
2751,,,,3127.0,1865.243491828861,-3827.970275171254,943,2,115.377,10330.971901375131
2752,,,,3126.0,1866.243491828861,-3826.970275171254,944,2,115.354,9903.805223601128
2753,,,,3125.0,1867.243491828861,-3825.970275171254,945,2,115.33,10337.836744057566
2754,,,,3124.0,1868.243491828861,-3824.970275171254,946,2,115.307,9910.379707171793
2755,,,,3122.0,1869.243491828861,-3823.970275171254,947,2,115.283,10344.692562740001
2756,,,,3120.0,1870.243491828861,-3822.970275171254,948,2,115.26,9916.945542742458
2757,,,,3120.0,1871.243491828861,-3821.970275171254,949,2,115.236,10351.539357422436
2758,,,,3120.0,1872.243491828861,-3820.970275171254,950,2,115.212,10354.91443691985
2759,,,,3119.0,1873.243491828861,-3819.970275171254,951,2,115.19,9495.179034098175
2760,,,,3118.0,1874.243491828861,-3818.970275171254,952,2,115.166,10361.83761128989
2761,,,,3116.0,1875.243491828861,-3817.970275171254,953,2,115.144,9501.521229264577
2762,,,,3114.0,1876.243491828861,-3816.970275171254,954,2,115.119,10800.73637897718
2763,,,,3112.0,1877.243491828861,-3815.970275171254,955,2,115.095,10372.025597469737
2764,,,,3110.0,1878.243491828861,-3814.970275171254,956,2,115.069,11239.904911384125
2765,,,,3109.0,1879.243491828861,-3813.970275171254,957,2,115.043,11243.348438183171
2766,,,,3108.0,1880.243491828861,-3812.970275171254,958,2,115.019,10381.741877211547
2767,,,,3107.0,1881.243491828861,-3811.970275171254,959,2,114.993,11250.423029110565
2768,,,,3106.0,1882.243491828861,-3810.970275171254,960,2,114.968,10821.064890607726
2769,,,,3107.0,1883.243491828861,-3809.970275171254,961,2,114.943,10824.459861249092
2770,,,,3108.0,1884.243491828861,-3808.970275171254,962,2,114.919,10394.783460450768
2771,,,,3108.0,1885.243491828861,-3807.970275171254,963,2,114.896,9964.916360715268
2772,,,,3108.0,1886.243491828861,-3806.970275171254,964,2,114.872,10401.561471133204
2773,,,,3108.0,1887.243491828861,-3805.970275171254,965,2,114.849,9971.407630285932
2774,,,,3108.0,1888.243491828861,-3804.970275171254,966,2,114.825,10408.330457815639
2775,,,,3107.0,1889.243491828861,-3803.970275171254,967,2,114.801,10411.66622531305
2776,,,,3106.0,1890.243491828861,-3802.970275171254,968,2,114.776,10848.910753092327
2777,,,,3105.0,1891.243491828861,-3801.970275171254,969,2,114.751,10852.286123721373
2778,,,,3104.0,1892.243491828861,-3800.970275171254,970,2,114.727,10421.478048430075
2779,,,,3104.0,1893.243491828861,-3799.970275171254,971,2,114.701,11293.439763930652
2780,,,,3104.0,1894.243491828861,-3798.970275171254,972,2,114.676,10862.397235627011
2781,,,,3105.0,1895.243491828861,-3797.970275171254,973,2,114.652,10431.17758785949
2782,,,,3105.0,1896.243491828861,-3796.970275171254,974,2,114.627,10869.220289078206
2783,,,,3105.0,1897.243491828861,-3795.970275171254,975,2,114.602,10872.580709707241
2784,,,,3105.0,1898.243491828861,-3794.970275171254,976,2,114.579,10005.950859123595
2785,,,,3104.0,1899.243491828861,-3793.970275171254,977,2,114.553,11314.613954011362
2786,,,,3103.0,1900.243491828861,-3792.970275171254,978,2,114.53,10012.21003628683
2787,,,,3102.0,1901.243491828861,-3791.970275171254,979,2,114.506,10450.876905468756
2788,,,,3102.0,1902.243491828861,-3790.970275171254,980,2,114.482,10454.182384966169
2789,,,,3102.0,1903.243491828861,-3789.970275171254,981,2,114.459,10021.800770042515
2790,,,,3100.0,1904.243491828861,-3788.970275171254,982,2,114.435,10460.877835648604
2791,,,,3098.0,1905.243491828861,-3787.970275171254,983,2,114.41,10900.13617219187
2792,,,,3098.0,1906.243491828861,-3786.970275171254,984,2,114.385,10903.474492820887
2793,,,,3098.0,1907.243491828861,-3785.970275171254,985,2,114.363,9598.118953917532
2794,,,,3099.0,1908.243491828861,-3784.970275171254,986,2,114.339,10474.058473638257
2795,,,,3098.0,1909.243491828861,-3783.970275171254,987,2,114.315,10477.34787313567
2796,,,,3098.0,1910.243491828861,-3782.970275171254,988,2,114.291,10480.634968633083
2797,,,,3098.0,1911.243491828861,-3781.970275171254,989,2,114.268,10047.133728723302
2798,,,,3097.0,1912.243491828861,-3780.970275171254,990,2,114.245,10050.367432108946
2799,,,,3096.0,1913.243491828861,-3779.970275171254,991,2,114.222,10053.599019500802
2800,,,,3095.0,1914.243491828861,-3778.970275171254,992,2,114.197,10931.239603997687
2801,,,,3093.0,1915.243491828861,-3777.970275171254,993,2,114.173,10497.219749495365
2802,,,,3092.0,1916.243491828861,-3776.970275171254,994,2,114.15,10063.016644049652
2803,,,,3091.0,1917.243491828861,-3775.970275171254,995,2,114.125,10941.468952433319
2804,,,,3091.0,1918.243491828861,-3774.970275171254,996,2,114.1,10944.778023068533
2805,,,,3089.0,1919.243491828861,-3773.970275171254,997,2,114.076,10510.20727179741
2806,,,,3086.0,1920.243491828861,-3772.970275171254,998,2,114.053,10075.45423358911
2807,,,,3085.0,1921.243491828861,-3771.970275171254,999,2,114.028,10954.978421491724
2808,,,,3083.0,1922.243491828861,-3770.970275171254,1000,2,114.004,10519.99267028965
2809,,,,3082.0,1923.243491828861,-3769.970275171254,1001,2,113.982,9646.396996020525
2810,,,,3081.0,1924.243491828861,-3768.970275171254,1002,2,113.957,10965.253432101961
2811,,,,3078.0,1925.243491828861,-3767.970275171254,1003,2,113.932,10968.54535273094
2812,,,,3077.0,1926.243491828861,-3766.970275171254,1004,2,113.907,10971.834773372391
2813,,,,3076.0,1927.243491828861,-3765.970275171254,1005,2,113.883,10536.163080089109
2814,,,,3075.0,1928.243491828861,-3764.970275171254,1006,2,113.86,10100.311023868648
2815,,,,3075.0,1929.243491828861,-3763.970275171254,1007,2,113.838,9664.267461256302
2816,,,,3075.0,1930.243491828861,-3762.970275171254,1008,2,113.816,9667.408341549968
2817,,,,3074.0,1931.243491828861,-3761.970275171254,1009,2,113.794,9670.547285856122
2818,,,,3072.0,1932.243491828861,-3760.970275171254,1010,2,113.774,8794.335738968455
2819,,,,3068.0,1933.243491828861,-3759.970275171254,1011,2,113.75,10556.623013637274
2820,,,,3065.0,1934.243491828861,-3758.970275171254,1012,2,113.725,10999.800957596754
2821,,,,3062.0,1935.243491828861,-3757.970275171254,1013,2,113.701,10562.992472944492
2822,,,,3060.0,1936.243491828861,-3756.970275171254,1014,2,113.676,11006.430911035519
2823,,,,3059.0,1937.243491828861,-3755.970275171254,1015,2,113.652,10569.352524251712
2824,,,,3056.0,1938.243491828861,-3754.970275171254,1016,2,113.626,11453.522712731223
2825,,,,3054.0,1939.243491828861,-3753.970275171254,1017,2,113.604,9694.39457026444
2826,,,,3051.0,1940.243491828861,-3752.970275171254,1018,2,113.581,10138.267006894512
2827,,,,3049.0,1941.243491828861,-3751.970275171254,1019,2,113.56,9259.655747527837
2828,,,,3047.0,1942.243491828861,-3750.970275171254,1020,2,113.537,10144.786416067049
2829,,,,3045.0,1943.243491828861,-3749.970275171254,1021,2,113.516,9265.604555554937
2830,,,,3044.0,1944.243491828861,-3748.970275171254,1022,2,113.493,10151.297729245858
2831,,,,3043.0,1945.243491828861,-3747.970275171254,1023,2,113.471,9713.005365343988
2832,,,,3041.0,1946.243491828861,-3746.970275171254,1024,2,113.451,8832.909313060294
2833,,,,3041.0,1947.243491828861,-3745.970275171254,1025,2,113.432,8394.132457971675
2834,,,,3039.0,1948.243491828861,-3744.970275171254,1026,2,113.413,8397.036603176854
2835,,,,3037.0,1949.243491828861,-3743.970275171254,1027,2,113.393,8842.002388152974
2836,,,,3033.0,1950.243491828861,-3742.970275171254,1028,2,113.373,8844.97831335951
2837,,,,3028.0,1951.243491828861,-3741.970275171254,1029,2,113.354,8405.592080268176
2838,,,,3023.0,1952.243491828861,-3740.970275171254,1030,2,113.333,9293.51262907674
2839,,,,3020.0,1953.243491828861,-3739.970275171254,1031,2,113.312,9296.550295316947
2840,,,,3018.0,1954.243491828861,-3738.970275171254,1032,2,113.292,8856.787844445982
2841,,,,3018.0,1955.243491828861,-3737.970275171254,1033,2,113.271,9302.702456024019
2842,,,,3016.0,1956.243491828861,-3736.970275171254,1034,2,113.25,9305.734872264225
2843,,,,3013.0,1957.243491828861,-3735.970275171254,1035,2,113.229,9308.765524504433
2844,,,,3009.0,1958.243491828861,-3734.970275171254,1036,2,113.207,9755.170112949188
2845,,,,3008.0,1959.243491828861,-3733.970275171254,1037,2,113.184,10201.767147246721
2846,,,,3006.0,1960.243491828861,-3732.970275171254,1038,2,113.162,9761.252014829064
2847,,,,3003.0,1961.243491828861,-3731.970275171254,1039,2,113.138,10651.905652821313
2848,,,,3001.0,1962.243491828861,-3730.970275171254,1040,2,113.115,10211.159965409965
2849,,,,2998.0,1963.243491828861,-3729.970275171254,1041,2,113.091,10658.338975503746
2850,,,,2996.0,1964.243491828861,-3728.970275171254,1042,2,113.069,9773.132778460496
2851,,,,2993.0,1965.243491828861,-3727.970275171254,1043,2,113.048,9331.874215479551
2852,,,,2991.0,1966.243491828861,-3726.970275171254,1044,2,113.027,9334.888445719758
2853,,,,2990.0,1967.243491828861,-3725.970275171254,1045,2,113.007,8893.278308639126
2854,,,,2987.0,1968.243491828861,-3724.970275171254,1046,2,112.987,8896.224393851982
2855,,,,2986.0,1969.243491828861,-3723.970275171254,1047,2,112.967,8899.168879052198
2856,,,,2983.0,1970.243491828861,-3722.970275171254,1048,2,112.948,8457.043610676254
2857,,,,2981.0,1971.243491828861,-3721.970275171254,1049,2,112.928,8905.131899204944
2858,,,,2980.0,1972.243491828861,-3720.970275171254,1050,2,112.908,8908.071624411481
2859,,,,2978.0,1973.243491828861,-3719.970275171254,1051,2,112.888,8911.009749618017
2860,,,,2977.0,1974.243491828861,-3718.970275171254,1052,2,112.867,9359.60212945467
2861,,,,2973.0,1975.243491828861,-3717.970275171254,1053,2,112.847,8916.802190297753
2862,,,,2969.0,1976.243491828861,-3716.970275171254,1054,2,112.826,9365.68074816174
2863,,,,2964.0,1977.243491828861,-3715.970275171254,1055,2,112.806,8922.588070964815
2864,,,,2961.0,1978.243491828861,-3714.970275171254,1056,2,112.787,8479.27979698691
2865,,,,2959.0,1979.243491828861,-3713.970275171254,1057,2,112.769,8035.7444107734145
2866,,,,2957.0,1980.243491828861,-3712.970275171254,1058,2,112.75,8485.068108643742
2867,,,,2953.0,1981.243491828861,-3711.970275171254,1059,2,112.732,8041.225410442298
2868,,,,2948.0,1982.243491828861,-3710.970275171254,1060,2,112.714,8043.999592659594
2869,,,,2945.0,1983.243491828861,-3709.970275171254,1061,2,112.698,7152.750111684423
2870,,,,2944.0,1984.243491828861,-3708.970275171254,1062,2,112.681,7602.515837061415
2871,,,,2945.0,1985.243491828861,-3707.970275171254,1063,2,112.667,6263.189105551221
2872,,,,2945.0,1986.243491828861,-3706.970275171254,1064,2,112.65,7608.0852224210275
2873,,,,2945.0,1987.243491828861,-3705.970275171254,1065,2,112.634,7163.106605013162
2874,,,,2941.0,1988.243491828861,-3704.970275171254,1066,2,112.618,7165.693168345346
2875,,,,2939.0,1989.243491828861,-3703.970275171254,1067,2,112.602,7168.278707671164
2876,,,,2937.0,1990.243491828861,-3702.970275171254,1068,2,112.584,8067.149477117836
2877,,,,2937.0,1991.243491828861,-3701.970275171254,1069,2,112.568,7173.319274758423
2878,,,,2935.0,1992.243491828861,-3700.970275171254,1070,2,112.55,8072.817667083837
2879,,,,2933.0,1993.243491828861,-3699.970275171254,1071,2,112.533,7626.968822810527
2880,,,,2933.0,1994.243491828861,-3698.970275171254,1072,2,112.516,7629.64256107225
2881,,,,2933.0,1995.243491828861,-3697.970275171254,1073,2,112.498,8081.238943267134
2882,,,,2932.0,1996.243491828861,-3696.970275171254,1074,2,112.483,6736.75285552749
2883,,,,2930.0,1997.243491828861,-3695.970275171254,1075,2,112.465,8086.966721998841
2884,,,,2927.0,1998.243491828861,-3694.970275171254,1076,2,112.449,7190.926987541544
2885,,,,2925.0,1999.243491828861,-3693.970275171254,1077,2,112.433,7193.501998867339
2886,,,,2924.0,2000.243491828861,-3692.970275171254,1078,2,112.417,7196.075986205913
2887,,,,2924.0,2001.243491828861,-3691.970275171254,1079,2,112.401,7198.648949538097
2888,,,,2925.0,2002.243491828861,-3690.970275171254,1080,2,112.386,6751.174616966268
2889,,,,2926.0,2003.243491828861,-3689.970275171254,1081,2,112.372,6303.430010308702
2890,,,,2925.0,2004.243491828861,-3688.970275171254,1082,2,112.357,6756.174535128377
2891,,,,2925.0,2005.243491828861,-3687.970275171254,1083,2,112.344,5857.542832149035
2892,,,,2926.0,2006.243491828861,-3686.970275171254,1084,2,112.332,5409.057153241898
2893,,,,2927.0,2007.243491828861,-3685.970275171254,1085,2,112.32,5411.1751791162515
2894,,,,2931.0,2008.243491828861,-3684.970275171254,1086,2,112.31,4511.117355691067
2895,,,,2931.0,2009.243491828861,-3683.970275171254,1087,2,112.3,4512.961806999113
2896,,,,2930.0,2010.243491828861,-3682.970275171254,1088,2,112.287,5869.169216287734
2897,,,,2927.0,2011.243491828861,-3681.970275171254,1089,2,112.272,6774.642409224215
2898,,,,2924.0,2012.243491828861,-3680.970275171254,1090,2,112.258,6325.326437089198
2899,,,,2921.0,2013.243491828861,-3679.970275171254,1091,2,112.242,7231.57062264526
2900,,,,2919.0,2014.243491828861,-3678.970275171254,1092,2,112.226,7234.1313299838675
2901,,,,2916.0,2015.243491828861,-3677.970275171254,1093,2,112.208,8141.204841212442
2902,,,,2910.0,2016.243491828861,-3676.970275171254,1094,2,112.19,8143.9381274297375
2903,,,,2906.0,2017.243491828861,-3675.970275171254,1095,2,112.172,8146.670117647032
2904,,,,2903.0,2018.243491828861,-3674.970275171254,1096,2,112.156,7243.976416555741
2905,,,,2902.0,2019.243491828861,-3673.970275171254,1097,2,112.139,7699.405723000406
2906,,,,2901.0,2020.243491828861,-3672.970275171254,1098,2,112.12,8608.097919442956
2907,,,,2899.0,2021.243491828861,-3671.970275171254,1099,2,112.105,6798.199829330153
2908,,,,2899.0,2022.243491828861,-3670.970275171254,1100,2,112.089,7253.997718515697
2909,,,,2899.0,2023.243491828861,-3669.970275171254,1101,2,112.074,6803.044962882752
2910,,,,2899.0,2024.243491828861,-3668.970275171254,1102,2,112.058,7259.163876965357
2911,,,,2898.0,2025.243491828861,-3667.970275171254,1103,2,112.041,7715.535701685642
2912,,,,2898.0,2026.243491828861,-3666.970275171254,1104,2,112.024,7718.174215940915
2913,,,,2896.0,2027.243491828861,-3665.970275171254,1105,2,112.007,7720.8115742026375
2914,,,,2895.0,2028.243491828861,-3664.970275171254,1106,2,111.99,7723.447776470816
2915,,,,2894.0,2029.243491828861,-3663.970275171254,1107,2,111.973,7726.082822726082
2916,,,,2893.0,2030.243491828861,-3662.970275171254,1108,2,111.953,9092.486083023581
2917,,,,2891.0,2031.243491828861,-3661.970275171254,1109,2,111.935,8185.87877217475
2918,,,,2889.0,2032.243491828861,-3660.970275171254,1110,2,111.919,7278.813353920156
2919,,,,2887.0,2033.243491828861,-3659.970275171254,1111,2,111.902,7736.404056936804
2920,,,,2887.0,2034.243491828861,-3658.970275171254,1112,2,111.887,6828.619751893593
2921,,,,2886.0,2035.243491828861,-3657.970275171254,1113,2,111.872,6831.06072732227
2922,,,,2885.0,2036.243491828861,-3656.970275171254,1114,2,111.856,7289.034943040632
2923,,,,2886.0,2037.243491828861,-3655.970275171254,1115,2,111.841,6835.878860874869
2924,,,,2889.0,2038.243491828861,-3654.970275171254,1116,2,111.824,7750.02342019647
2925,,,,2891.0,2039.243491828861,-3653.970275171254,1117,2,111.809,6840.632097122714
2926,,,,2893.0,2040.243491828861,-3652.970275171254,1118,2,111.794,6843.068482551391
2927,,,,2893.0,2041.243491828861,-3651.970275171254,1119,2,111.781,5932.823177909189
2928,,,,2892.0,2042.243491828861,-3650.970275171254,1120,2,111.77,5022.001323264686
2929,,,,2892.0,2043.243491828861,-3649.970275171254,1121,2,111.762,3653.842433721886
2930,,,,2893.0,2044.243491828861,-3648.970275171254,1122,2,111.753,4112.271756685306
2931,,,,2894.0,2045.243491828861,-3647.970275171254,1123,2,111.746,3199.7691262640965
2932,,,,2894.0,2046.243491828861,-3646.970275171254,1124,2,111.741,2286.5440962897037
2933,,,,2897.0,2047.243491828861,-3645.970275171254,1125,2,111.735,2745.058719479783
2934,,,,2902.0,2048.243491828861,-3644.970275171254,1126,2,111.731,1830.8511205823504
2935,,,,2905.0,2049.243491828861,-3643.970275171254,1127,2,111.729,915.84790136602
2971,,,,3025.0,2085.243491828861,-3607.970275171254,1163,2,111.707,10250.20622648861
2972,,,,3028.0,2086.243491828861,-3606.970275171254,1164,2,111.683,11185.102407345383
2973,,,,3032.0,2087.243491828861,-3605.970275171254,1165,2,111.659,11188.05926284942
2974,,,,3036.0,2088.243491828861,-3604.970275171254,1166,2,111.636,10724.76960168711
2975,,,,3039.0,2089.243491828861,-3603.970275171254,1167,2,111.616,9328.555760753681
2976,,,,3043.0,2090.243491828861,-3602.970275171254,1168,2,111.595,9797.87214114722
2977,,,,3046.0,2091.243491828861,-3601.970275171254,1169,2,111.577,8400.725866052067
2978,,,,3048.0,2092.243491828861,-3600.970275171254,1170,2,111.557,9337.013186112963
2979,,,,3051.0,2093.243491828861,-3599.970275171254,1171,2,111.537,9339.8012713195
2980,,,,3054.0,2094.243491828861,-3598.970275171254,1172,2,111.514,10743.831417210975
2981,,,,3056.0,2095.243491828861,-3597.970275171254,1173,2,111.494,9345.121212513553
2982,,,,3059.0,2096.243491828861,-3596.970275171254,1174,2,111.474,9347.90437772009
2983,,,,3063.0,2097.243491828861,-3595.970275171254,1175,2,111.46,6545.656328507931
2984,,,,3065.0,2098.243491828861,-3594.970275171254,1176,2,111.449,5144.890943718854
2985,,,,3063.0,2099.243491828861,-3593.970275171254,1177,2,111.444,2339.5333981189237
3009,,,,3136.0,2123.243491828861,-3569.970275171254,1201,2,111.443,473.24337216551896
3010,,,,3136.0,2124.243491828861,-3568.970275171254,1202,2,111.423,9468.433000996734
3011,,,,3136.0,2125.243491828861,-3567.970275171254,1203,2,111.405,8524.147622350669
3012,,,,3134.0,2126.243491828861,-3566.970275171254,1204,2,111.384,9947.77688732264
3013,,,,3131.0,2127.243491828861,-3565.970275171254,1205,2,111.364,9476.784666356018
3014,,,,3127.0,2128.243491828861,-3564.970275171254,1206,2,111.341,10901.320737503072
3015,,,,3126.0,2129.243491828861,-3563.970275171254,1207,2,111.318,10904.19021288198
3016,,,,3126.0,2130.243491828861,-3562.970275171254,1208,2,111.296,10432.884543175684
3017,,,,3125.0,2131.243491828861,-3561.970275171254,1209,2,111.277,9012.787896432264
3018,,,,3123.0,2132.243491828861,-3560.970275171254,1210,2,111.263,6643.13253340033
3019,,,,3123.0,2133.243491828861,-3559.970275171254,1211,2,111.25,6170.767318267582
3020,,,,3123.0,2134.243491828861,-3558.970275171254,1212,2,111.242,3798.81682386979
3021,,,,3123.0,2135.243491828861,-3557.970275171254,1213,2,111.237,2375.2341840975564
3042,,,,3161.0,2156.243491828861,-3536.970275171254,1234,2,111.233,1918.7979585041949
3043,,,,3161.0,2157.243491828861,-3535.970275171254,1235,2,111.213,9597.403715672166
3044,,,,3158.0,2158.243491828861,-3534.970275171254,1236,2,111.193,9600.126040871883
3045,,,,3156.0,2159.243491828861,-3533.970275171254,1237,2,111.171,10563.036435970575
3046,,,,3154.0,2160.243491828861,-3532.970275171254,1238,2,111.149,10565.837328277308
3047,,,,3152.0,2161.243491828861,-3531.970275171254,1239,2,111.125,11529.317661666875
3048,,,,3152.0,2162.243491828861,-3530.970275171254,1240,2,111.102,11051.704342547146
3049,,,,3151.0,2163.243491828861,-3529.970275171254,1241,2,111.079,11054.52685193962
3050,,,,3149.0,2164.243491828861,-3528.970275171254,1242,2,111.057,10576.640630615555
3051,,,,3150.0,2165.243491828861,-3527.970275171254,1243,2,111.036,10098.593879446074
3052,,,,3151.0,2166.243491828861,-3526.970275171254,1244,2,111.018,8658.414582022515
3053,,,,3152.0,2167.243491828861,-3525.970275171254,1245,2,111.003,7217.603509490306
3054,,,,3147.0,2168.243491828861,-3524.970275171254,1246,2,110.987,7701.253964019993
3055,,,,3144.0,2169.243491828861,-3523.970275171254,1247,2,110.973,6740.79399624665
3056,,,,3143.0,2170.243491828861,-3522.970275171254,1248,2,110.957,7706.2742102678385
3057,,,,3144.0,2171.243491828861,-3521.970275171254,1249,2,110.942,7226.951393900259
3058,,,,3143.0,2172.243491828861,-3520.970275171254,1250,2,110.926,7711.221104717098
3059,,,,3142.0,2173.243491828861,-3519.970275171254,1251,2,110.911,7231.58724745286
3060,,,,3141.0,2174.243491828861,-3518.970275171254,1252,2,110.896,7233.936392881536
3061,,,,3140.0,2175.243491828861,-3517.970275171254,1253,2,110.881,7236.284638310213
3062,,,,3138.0,2176.243491828861,-3516.970275171254,1254,2,110.869,5790.9839317568185
3063,,,,3137.0,2177.243491828861,-3515.970275171254,1255,2,110.856,6275.741071937328
3064,,,,3137.0,2178.243491828861,-3514.970275171254,1256,2,110.845,5312.106364199367
3065,,,,3138.0,2179.243491828861,-3513.970275171254,1257,2,110.836,4347.871888609188
3066,,,,3138.0,2180.243491828861,-3512.970275171254,1258,2,110.826,4832.771328860162
3067,,,,3138.0,2181.243491828861,-3511.970275171254,1259,2,110.818,3867.6762600211846
3068,,,,3138.0,2182.243491828861,-3510.970275171254,1260,2,110.808,4836.418961196233
3069,,,,3139.0,2183.243491828861,-3509.970275171254,1261,2,110.8,3870.593789902412
3070,,,,3140.0,2184.243491828861,-3508.970275171254,1262,2,110.79,4840.065153539171
3071,,,,3141.0,2185.243491828861,-3507.970275171254,1263,2,110.78,4841.844004847684
3072,,,,3141.0,2186.243491828861,-3506.970275171254,1264,2,110.77,4843.622456149319
3073,,,,3142.0,2187.243491828861,-3505.970275171254,1265,2,110.76,4845.400507444068
3074,,,,3142.0,2188.243491828861,-3504.970275171254,1266,2,110.749,5331.8719039515045
3075,,,,3143.0,2189.243491828861,-3503.970275171254,1267,2,110.737,5818.641408374705
3076,,,,3145.0,2190.243491828861,-3502.970275171254,1268,2,110.726,5335.63683873775
3077,,,,3146.0,2191.243491828861,-3501.970275171254,1269,2,110.715,5337.542650812727
3078,,,,3148.0,2192.243491828861,-3500.970275171254,1270,2,110.702,6310.19970399606
3079,,,,3151.0,2193.243491828861,-3499.970275171254,1271,2,110.689,6312.336808695823
3080,,,,3153.0,2194.243491828861,-3498.970275171254,1272,2,110.676,6314.473237388683
3081,,,,3153.0,2195.243491828861,-3497.970275171254,1273,2,110.662,6802.471255919786
3082,,,,3153.0,2196.243491828861,-3496.970275171254,1274,2,110.649,6318.686964464324
3083,,,,3154.0,2197.243491828861,-3495.970275171254,1275,2,110.636,6320.821339164086
3084,,,,3156.0,2198.243491828861,-3494.970275171254,1276,2,110.623,6322.9550378569365
3085,,,,3157.0,2199.243491828861,-3493.970275171254,1277,2,110.609,6811.6025065848235
3086,,,,3158.0,2200.243491828861,-3492.970275171254,1278,2,110.597,5840.484742242161
3087,,,,3158.0,2201.243491828861,-3491.970275171254,1279,2,110.583,6816.194497315856
3088,,,,3157.0,2202.243491828861,-3490.970275171254,1280,2,110.568,7305.425256921943
3089,,,,3157.0,2203.243491828861,-3489.970275171254,1281,2,110.553,7307.75106235062
3090,,,,3157.0,2204.243491828861,-3488.970275171254,1282,2,110.537,7797.379097730764
3091,,,,3155.0,2205.243491828861,-3487.970275171254,1283,2,110.519,8774.681495935305
3092,,,,3154.0,2206.243491828861,-3486.970275171254,1284,2,110.502,8289.644427732546
3093,,,,3155.0,2207.243491828861,-3485.970275171254,1285,2,110.486,7804.3891963520955
3094,,,,3153.0,2208.243491828861,-3484.970275171254,1286,2,110.467,9270.442460753846
3095,,,,3150.0,2209.243491828861,-3483.970275171254,1287,2,110.449,8785.030234335896
3096,,,,3145.0,2210.243491828861,-3482.970275171254,1288,2,110.43,9275.731072397399
3097,,,,3142.0,2211.243491828861,-3481.970275171254,1289,2,110.412,8790.037834004781
3098,,,,3141.0,2212.243491828861,-3480.970275171254,1290,2,110.393,9281.014060054827
3099,,,,3139.0,2213.243491828861,-3479.970275171254,1291,2,110.373,9772.178254339862
3100,,,,3138.0,2214.243491828861,-3478.970275171254,1292,2,110.35,11240.892723684714
3101,,,,3136.0,2215.243491828861,-3477.970275171254,1293,2,110.329,10266.012089199714
3102,,,,3132.0,2216.243491828861,-3476.970275171254,1294,2,110.307,10757.62817938513
3103,,,,3129.0,2217.243491828861,-3475.970275171254,1295,2,110.287,9782.212216727969
3104,,,,3124.0,2218.243491828861,-3474.970275171254,1296,2,110.263,11741.606450948972
3105,,,,3120.0,2219.243491828861,-3473.970275171254,1297,2,110.238,12233.635229796673
3106,,,,3118.0,2220.243491828861,-3472.970275171254,1298,2,110.213,12236.372450431887
3107,,,,3115.0,2221.243491828861,-3471.970275171254,1299,2,110.191,10770.560912602832
3108,,,,3114.0,2222.243491828861,-3470.970275171254,1300,2,110.169,10773.258668909699
3109,,,,3110.0,2223.243491828861,-3469.970275171254,1301,2,110.147,10775.95448920265
3110,,,,3108.0,2224.243491828861,-3468.970275171254,1302,2,110.127,9798.860218387223
3111,,,,3104.0,2225.243491828861,-3467.970275171254,1303,2,110.105,10781.536143229747
3112,,,,3102.0,2226.243491828861,-3466.970275171254,1304,2,110.087,8823.618125150384
3113,,,,3101.0,2227.243491828861,-3465.970275171254,1305,2,110.066,10297.021065588973
3114,,,,3098.0,2228.243491828861,-3464.970275171254,1306,2,110.045,10299.67896782918
3115,,,,3096.0,2229.243491828861,-3463.970275171254,1307,2,110.023,10792.873448718196
3116,,,,3094.0,2230.243491828861,-3462.970275171254,1308,2,110.002,10304.895810082937
3117,,,,3092.0,2231.243491828861,-3461.970275171254,1309,2,109.979,11289.11701524621
3118,,,,3089.0,2232.243491828861,-3460.970275171254,1310,2,109.958,10310.01167411004
3119,,,,3085.0,2233.243491828861,-3459.970275171254,1311,2,109.937,10312.660630350245
3120,,,,3083.0,2234.243491828861,-3458.970275171254,1312,2,109.915,10806.463803638047
3121,,,,3081.0,2235.243491828861,-3457.970275171254,1313,2,109.894,10317.859370604003
3122,,,,3081.0,2236.243491828861,-3456.970275171254,1314,2,109.874,9829.09519424993
3123,,,,3080.0,2237.243491828861,-3455.970275171254,1315,2,109.853,10323.238815311073
3124,,,,3077.0,2238.243491828861,-3454.970275171254,1316,2,109.833,9834.215194916345
3125,,,,3073.0,2239.243491828861,-3453.970275171254,1317,2,109.808,12295.741994715378
3126,,,,3069.0,2240.243491828861,-3452.970275171254,1318,2,109.784,11806.549172584846
3127,,,,3065.0,2241.243491828861,-3451.970275171254,1319,2,109.76,11809.237468082258
3128,,,,3063.0,2242.243491828861,-3450.970275171254,1320,2,109.735,12304.030880977194
3129,,,,3060.0,2243.243491828861,-3449.970275171254,1321,2,109.71,12306.714201612407
3130,,,,3059.0,2244.243491828861,-3448.970275171254,1322,2,109.686,11817.073083192285
3131,,,,3057.0,2245.243491828861,-3447.970275171254,1323,2,109.661,12312.185605057428
3132,,,,3055.0,2246.243491828861,-3446.970275171254,1324,2,109.638,11329.775884833376
3133,,,,3053.0,2247.243491828861,-3445.970275171254,1325,2,109.614,11825.103121691522
3134,,,,3047.0,2248.243491828861,-3444.970275171254,1326,2,109.593,10349.444933380304
3135,,,,3044.0,2249.243491828861,-3443.970275171254,1327,2,109.571,10844.970414152716
3136,,,,3041.0,2250.243491828861,-3442.970275171254,1328,2,109.548,11340.635384777202
3137,,,,3037.0,2251.243491828861,-3441.970275171254,1329,2,109.527,10357.014527420954
3138,,,,3034.0,2252.243491828861,-3440.970275171254,1330,2,109.506,10359.628623661161
3139,,,,3030.0,2253.243491828861,-3439.970275171254,1331,2,109.484,10855.631430065998
3140,,,,3028.0,2254.243491828861,-3438.970275171254,1332,2,109.462,10858.267102358894
3141,,,,3028.0,2255.243491828861,-3437.970275171254,1333,2,109.439,11354.526278916184
3142,,,,3029.0,2256.243491828861,-3436.970275171254,1334,2,109.417,10863.433364245071
3143,,,,3028.0,2257.243491828861,-3435.970275171254,1335,2,109.394,11359.923230881084
3144,,,,3026.0,2258.243491828861,-3434.970275171254,1336,2,109.373,10374.612233515807
3145,,,,3023.0,2259.243491828861,-3433.970275171254,1337,2,109.351,10871.31701715182
3146,,,,3020.0,2260.243491828861,-3432.970275171254,1338,2,109.329,10873.94102945173
3147,,,,3018.0,2261.243491828861,-3431.970275171254,1339,2,109.307,10876.563105744615
3148,,,,3017.0,2262.243491828861,-3430.970275171254,1340,2,109.287,9890.257077054794
3149,,,,3012.0,2263.243491828861,-3429.970275171254,1341,2,109.264,11376.584952806974
3150,,,,3009.0,2264.243491828861,-3428.970275171254,1342,2,109.242,10884.517345357981
3151,,,,3007.0,2265.243491828861,-3427.970275171254,1343,2,109.22,10887.131721664922
3152,,,,3006.0,2266.243491828861,-3426.970275171254,1344,2,109.195,12374.53930669783
3153,,,,3006.0,2267.243491828861,-3425.970275171254,1345,2,109.174,10397.009575404065
3154,,,,3004.0,2268.243491828861,-3424.970275171254,1346,2,109.151,11389.927988136453
3155,,,,3004.0,2269.243491828861,-3423.970275171254,1347,2,109.126,12383.091541643984
3156,,,,3002.0,2270.243491828861,-3422.970275171254,1348,2,109.104,10899.575218882632
3157,,,,3001.0,2271.243491828861,-3421.970275171254,1349,2,109.079,12388.667969445225
3158,,,,3000.0,2272.243491828861,-3420.970275171254,1350,2,109.055,11895.685484311729
3159,,,,2999.0,2273.243491828861,-3419.970275171254,1351,2,109.031,11898.301923816187
3160,,,,2999.0,2274.243491828861,-3418.970275171254,1352,2,109.007,11900.9160593136
3161,,,,2999.0,2275.243491828861,-3417.970275171254,1353,2,108.982,12399.451338509858
3162,,,,3000.0,2276.243491828861,-3416.970275171254,1354,2,108.958,11906.028158620818
3163,,,,3002.0,2277.243491828861,-3415.970275171254,1355,2,108.935,11412.4945717946
3164,,,,3001.0,2278.243491828861,-3414.970275171254,1356,2,108.91,12407.598836939276
3165,,,,2998.0,2279.243491828861,-3413.970275171254,1357,2,108.886,11913.842773113058
3166,,,,2996.0,2280.243491828861,-3412.970275171254,1358,2,108.862,11916.44303661047
3167,,,,2996.0,2281.243491828861,-3411.970275171254,1359,2,108.836,12912.17578778628
3168,,,,2997.0,2282.243491828861,-3410.970275171254,1360,2,108.813,11424.744316318454
3169,,,,3000.0,2283.243491828861,-3409.970275171254,1361,2,108.787,12917.6783793691
3170,,,,3001.0,2284.243491828861,-3408.970275171254,1362,2,108.764,11429.607485494933
3171,,,,3001.0,2285.243491828861,-3407.970275171254,1363,2,108.739,12426.18288007708
3172,,,,2999.0,2286.243491828861,-3406.970275171254,1364,2,108.715,11931.667014532128
3173,,,,2997.0,2287.243491828861,-3405.970275171254,1365,2,108.692,11437.04315405
3174,,,,2996.0,2288.243491828861,-3404.970275171254,1366,2,108.668,11936.942529207494
3175,,,,2995.0,2289.243491828861,-3403.970275171254,1367,2,108.644,11939.521960711974
3176,,,,2993.0,2290.243491828861,-3402.970275171254,1368,2,108.621,11444.564301805689
3177,,,,2991.0,2291.243491828861,-3401.970275171254,1369,2,108.597,11944.783891394409
3178,,,,2990.0,2292.243491828861,-3400.970275171254,1370,2,108.571,12942.850300468874
3179,,,,2989.0,2293.243491828861,-3399.970275171254,1371,2,108.545,12945.396203267921
3180,,,,2990.0,2294.243491828861,-3398.970275171254,1372,2,108.52,12449.999088848623
3181,,,,2990.0,2295.243491828861,-3397.970275171254,1373,2,108.493,13448.637249091436
3182,,,,2990.0,2296.243491828861,-3396.970275171254,1374,2,108.469,11956.741931380611
3183,,,,2990.0,2297.243491828861,-3395.970275171254,1375,2,108.443,12955.79168778726
3184,,,,2989.0,2298.243491828861,-3394.970275171254,1376,2,108.417,12958.324174586307
3185,,,,2989.0,2299.243491828861,-3393.970275171254,1377,2,108.391,12960.853957385354
3186,,,,2989.0,2300.243491828861,-3392.970275171254,1378,2,108.366,12464.846963961545
3187,,,,2989.0,2301.243491828861,-3391.970275171254,1379,2,108.34,12966.025075645022
3188,,,,2988.0,2302.243491828861,-3390.970275171254,1380,2,108.314,12968.546798451158
3189,,,,2987.0,2303.243491828861,-3389.970275171254,1381,2,108.29,11973.40207929173
3190,,,,2985.0,2304.243491828861,-3388.970275171254,1382,2,108.262,13971.679025993551
3191,,,,2983.0,2305.243491828861,-3387.970275171254,1383,2,108.237,12477.072768439251
3192,,,,2982.0,2306.243491828861,-3386.970275171254,1384,2,108.21,13477.846097049309
3193,,,,2980.0,2307.243491828861,-3385.970275171254,1385,2,108.183,13480.326205031128
3194,,,,2978.0,2308.243491828861,-3384.970275171254,1386,2,108.156,13482.803397027137
3195,,,,2977.0,2309.243491828861,-3383.970275171254,1387,2,108.129,13485.277673016051
3196,,,,2976.0,2310.243491828861,-3382.970275171254,1388,2,108.103,12988.26283885882
3197,,,,2975.0,2311.243491828861,-3381.970275171254,1389,2,108.076,13490.342284142436
3198,,,,2974.0,2312.243491828861,-3380.970275171254,1390,2,108.05,12993.134359788239
3199,,,,2972.0,2313.243491828861,-3379.970275171254,1391,2,108.022,13995.160137456272
3200,,,,2971.0,2314.243491828861,-3378.970275171254,1392,2,107.997,12498.01412153731
3201,,,,2970.0,2315.243491828861,-3377.970275171254,1393,2,107.971,13000.481167523805
3202,,,,2967.0,2316.243491828861,-3376.970275171254,1394,2,107.945,13002.96477432996
3203,,,,2965.0,2317.243491828861,-3375.970275171254,1395,2,107.918,13505.592560663044
3204,,,,2962.0,2318.243491828861,-3374.970275171254,1396,2,107.893,12507.561155379803
3205,,,,2960.0,2319.243491828861,-3373.970275171254,1397,2,107.866,13510.736726945099
3206,,,,2960.0,2320.243491828861,-3372.970275171254,1398,2,107.84,13012.751508857466
3207,,,,2959.0,2321.243491828861,-3371.970275171254,1399,2,107.813,13515.744314071484
3208,,,,2956.0,2322.243491828861,-3370.970275171254,1400,2,107.787,13017.568117793984
3209,,,,2952.0,2323.243491828861,-3369.970275171254,1401,2,107.76,13520.740453197872
3210,,,,2950.0,2324.243491828861,-3368.970275171254,1402,2,107.732,14023.964599156081
3211,,,,2949.0,2325.243491828861,-3367.970275171254,1403,2,107.705,13525.474018027138
3212,,,,2949.0,2326.243491828861,-3366.970275171254,1404,2,107.678,13527.899154016051
3213,,,,2949.0,2327.243491828861,-3365.970275171254,1405,2,107.65,14031.379225034483
3214,,,,2946.0,2328.243491828861,-3364.970275171254,1406,2,107.624,13031.467525964363
3215,,,,2945.0,2329.243491828861,-3363.970275171254,1407,2,107.595,14537.626196967729
3216,,,,2943.0,2330.243491828861,-3362.970275171254,1408,2,107.569,13035.99727757061
3217,,,,2941.0,2331.243491828861,-3361.970275171254,1409,2,107.542,13539.855206812063
3218,,,,2938.0,2332.243491828861,-3360.970275171254,1410,2,107.515,13542.262792800975
3219,,,,2937.0,2333.243491828861,-3359.970275171254,1411,2,107.488,13544.667462789888
3220,,,,2935.0,2334.243491828861,-3358.970275171254,1412,2,107.459,14550.420439304182
3221,,,,2933.0,2335.243491828861,-3357.970275171254,1413,2,107.432,13549.2158484706
3222,,,,2931.0,2336.243491828861,-3356.970275171254,1414,2,107.405,13551.611662459512
3223,,,,2930.0,2337.243491828861,-3355.970275171254,1415,2,107.378,13554.004560448426
3224,,,,2929.0,2338.243491828861,-3354.970275171254,1416,2,107.351,13556.39454243734
3225,,,,2928.0,2339.243491828861,-3353.970275171254,1417,2,107.324,13558.781608426252
3226,,,,2925.0,2340.243491828861,-3352.970275171254,1418,2,107.298,13058.961206283753
3227,,,,2922.0,2341.243491828861,-3351.970275171254,1419,2,107.272,13061.3760170828
3228,,,,2921.0,2342.243491828861,-3350.970275171254,1420,2,107.245,13566.178272690113
3229,,,,2919.0,2343.243491828861,-3349.970275171254,1421,2,107.218,13568.553782679026
3230,,,,2917.0,2344.243491828861,-3348.970275171254,1422,2,107.191,13570.92637666794
3231,,,,2914.0,2345.243491828861,-3347.970275171254,1423,2,107.164,13573.296054656852
3232,,,,2910.0,2346.243491828861,-3346.970275171254,1424,2,107.138,13072.921492431737
3233,,,,2909.0,2347.243491828861,-3345.970275171254,1425,2,107.113,12572.481634198492
3234,,,,2907.0,2348.243491828861,-3344.970275171254,1426,2,107.087,13077.837654691406
3235,,,,2905.0,2349.243491828861,-3343.970275171254,1427,2,107.063,12074.17185060407
3236,,,,2903.0,2350.243491828861,-3342.970275171254,1428,2,107.038,12579.737046104134
3237,,,,2899.0,2351.243491828861,-3341.970275171254,1429,2,107.014,12078.920925911289
3238,,,,2896.0,2352.243491828861,-3340.970275171254,1430,2,106.987,13591.326406361952
3239,,,,2893.0,2353.243491828861,-3339.970275171254,1431,2,106.963,12083.434681843291
3240,,,,2892.0,2354.243491828861,-3338.970275171254,1432,2,106.939,12085.857393340706
3241,,,,2890.0,2355.243491828861,-3337.970275171254,1433,2,106.915,12088.277800830961
3242,,,,2888.0,2356.243491828861,-3336.970275171254,1434,2,106.892,11586.971101926638
3243,,,,2885.0,2357.243491828861,-3335.970275171254,1435,2,106.867,12597.05028924184
3244,,,,2881.0,2358.243491828861,-3334.970275171254,1436,2,106.844,11591.599222296682
3245,,,,2879.0,2359.243491828861,-3333.970275171254,1437,2,106.819,12602.076054861449
3246,,,,2877.0,2360.243491828861,-3332.970275171254,1438,2,106.794,12604.467325503827
3247,,,,2875.0,2361.243491828861,-3331.970275171254,1439,2,106.77,12102.63852213499
3248,,,,2871.0,2362.243491828861,-3330.970275171254,1440,2,106.745,12609.36047894168
3249,,,,2867.0,2363.243491828861,-3329.970275171254,1441,2,106.72,12611.744299584063
3250,,,,2864.0,2364.243491828861,-3328.970275171254,1442,2,106.696,12109.617337252015
3251,,,,2863.0,2365.243491828861,-3327.970275171254,1443,2,106.673,11607.40168798279
3252,,,,2862.0,2366.243491828861,-3326.970275171254,1444,2,106.649,12114.52305993445
3253,,,,2861.0,2367.243491828861,-3325.970275171254,1445,2,106.626,11612.098681553456
3254,,,,2858.0,2368.243491828861,-3324.970275171254,1446,2,106.602,12119.419758616885
3255,,,,2856.0,2369.243491828861,-3323.970275171254,1447,2,106.58,11111.761453654139
3256,,,,2855.0,2370.243491828861,-3322.970275171254,1448,2,106.558,11114.15706194687
3257,,,,2854.0,2371.243491828861,-3321.970275171254,1449,2,106.537,10611.302769717096
3258,,,,2853.0,2372.243491828861,-3320.970275171254,1450,2,106.515,11119.04684926751
3259,,,,2852.0,2373.243491828861,-3319.970275171254,1451,2,106.492,11626.90195866982
3260,,,,2850.0,2374.243491828861,-3318.970275171254,1452,2,106.471,10618.146351757747
3261,,,,2849.0,2375.243491828861,-3317.970275171254,1453,2,106.447,12137.570251037678
3262,,,,2845.0,2376.243491828861,-3316.970275171254,1454,2,106.423,12139.942850535092
3263,,,,2842.0,2377.243491828861,-3315.970275171254,1455,2,106.398,12648.183429365627
3264,,,,2840.0,2378.243491828861,-3314.970275171254,1456,2,106.372,13156.490561665196
3265,,,,2839.0,2379.243491828861,-3313.970275171254,1457,2,106.347,12652.757408461463
3266,,,,2838.0,2380.243491828861,-3312.970275171254,1458,2,106.322,12655.100079089485
3267,,,,2837.0,2381.243491828861,-3311.970275171254,1459,2,106.298,12151.199789584118
3268,,,,2836.0,2382.243491828861,-3310.970275171254,1460,2,106.273,12659.897032541698
3269,,,,2834.0,2383.243491828861,-3309.970275171254,1461,2,106.249,12155.800160891336
3270,,,,2834.0,2384.243491828861,-3308.970275171254,1462,2,106.225,12158.15404038875
3271,,,,2834.0,2385.243491828861,-3307.970275171254,1463,2,106.201,12160.505615886163
3272,,,,2833.0,2386.243491828861,-3306.970275171254,1464,2,106.176,12669.580851599128
3273,,,,2831.0,2387.243491828861,-3305.970275171254,1465,2,106.152,12165.087267193383
3274,,,,2828.0,2388.243491828861,-3304.970275171254,1466,2,106.131,10646.65335669443
3275,,,,2826.0,2389.243491828861,-3303.970275171254,1467,2,106.108,11663.084937630148
3276,,,,2824.0,2390.243491828861,-3302.970275171254,1468,2,106.086,11158.297205115758
3277,,,,2824.0,2391.243491828861,-3301.970275171254,1469,2,106.064,11160.650749415669
3278,,,,2823.0,2392.243491828861,-3300.970275171254,1470,2,106.042,11163.002357708368
3279,,,,2821.0,2393.243491828861,-3299.970275171254,1471,2,106.02,11165.352030015489
3280,,,,2820.0,2394.243491828861,-3298.970275171254,1472,2,105.999,10660.127328775732
3281,,,,2818.0,2395.243491828861,-3297.970275171254,1473,2,105.976,11677.83000114776
3282,,,,2817.0,2396.243491828861,-3296.970275171254,1474,2,105.954,11172.38943091522
3283,,,,2817.0,2397.243491828861,-3295.970275171254,1475,2,105.93,12190.500960537236
3284,,,,2817.0,2398.243491828861,-3294.970275171254,1476,2,105.906,12192.823400041869
3285,,,,2816.0,2399.243491828861,-3293.970275171254,1477,2,105.883,11687.067737496936
3286,,,,2815.0,2400.243491828861,-3292.970275171254,1478,2,105.859,12197.576578724302
3287,,,,2812.0,2401.243491828861,-3291.970275171254,1479,2,105.835,12199.892154221714
3288,,,,2811.0,2402.243491828861,-3290.970275171254,1480,2,105.811,12202.205425711903
3289,,,,2811.0,2403.243491828861,-3289.970275171254,1481,2,105.787,12204.516393216543
3290,,,,2811.0,2404.243491828861,-3288.970275171254,1482,2,105.764,11698.262643622671
3291,,,,2809.0,2405.243491828861,-3287.970275171254,1483,2,105.739,12717.905356302652
3292,,,,2807.0,2406.243491828861,-3286.970275171254,1484,2,105.717,11193.921723782434
3293,,,,2806.0,2407.243491828861,-3285.970275171254,1485,2,105.694,11705.108338571754
3294,,,,2805.0,2408.243491828861,-3284.970275171254,1486,2,105.67,12216.383457766431
3295,,,,2804.0,2409.243491828861,-3283.970275171254,1487,2,105.648,11200.563356541243
3296,,,,2804.0,2410.243491828861,-3282.970275171254,1488,2,105.625,11712.045584728687
3297,,,,2802.0,2411.243491828861,-3281.970275171254,1489,2,105.601,12223.615627321495
3298,,,,2800.0,2412.243491828861,-3280.970275171254,1490,2,105.579,11207.186773300053
3299,,,,2799.0,2413.243491828861,-3279.970275171254,1491,2,105.556,11718.96378688562
3300,,,,2798.0,2414.243491828861,-3278.970275171254,1492,2,105.535,10702.126531606973
3301,,,,2797.0,2415.243491828861,-3277.970275171254,1493,2,105.512,11723.78754405816
3302,,,,2796.0,2416.243491828861,-3276.970275171254,1494,2,105.492,10196.740834995111
3303,,,,2796.0,2417.243491828861,-3275.970275171254,1495,2,105.471,10708.927714100937
3304,,,,2795.0,2418.243491828861,-3274.970275171254,1496,2,105.452,9691.20026851614
3305,,,,2792.0,2419.243491828861,-3273.970275171254,1497,2,105.434,9183.322494321128
3306,,,,2791.0,2420.243491828861,-3272.970275171254,1498,2,105.417,8675.282928423232
3307,,,,2792.0,2421.243491828861,-3271.970275171254,1499,2,105.402,7656.66197555832
3308,,,,2793.0,2422.243491828861,-3270.970275171254,1500,2,105.387,7658.734250986997
3309,,,,2792.0,2423.243491828861,-3269.970275171254,1501,2,105.37,8682.163986323289
3310,,,,2791.0,2424.243491828861,-3268.970275171254,1502,2,105.355,7662.730647234841
3311,,,,2791.0,2425.243491828861,-3267.970275171254,1503,2,105.339,8175.748036280971
3312,,,,2792.0,2426.243491828861,-3266.970275171254,1504,2,105.321,9200.024171796369
3313,,,,2792.0,2427.243491828861,-3265.970275171254,1505,2,105.304,8691.048727927622
3314,,,,2791.0,2428.243491828861,-3264.970275171254,1506,2,105.285,9715.866005317002
3315,,,,2790.0,2429.243491828861,-3263.970275171254,1507,2,105.266,9718.113282508633
3316,,,,2787.0,2430.243491828861,-3262.970275171254,1508,2,105.246,10231.908359042778
3317,,,,2786.0,2431.243491828861,-3261.970275171254,1509,2,105.225,10745.831228343362
3318,,,,2785.0,2432.243491828861,-3260.970275171254,1510,2,105.206,9724.569174347262
3319,,,,2785.0,2433.243491828861,-3259.970275171254,1511,2,105.187,9726.810561553435
3320,,,,2785.0,2434.243491828861,-3258.970275171254,1512,2,105.168,9729.050504745059
3321,,,,2785.0,2435.243491828861,-3257.970275171254,1513,2,105.15,9219.159732860673
3322,,,,2783.0,2436.243491828861,-3256.970275171254,1514,2,105.131,9733.618636402825
3323,,,,2781.0,2437.243491828861,-3255.970275171254,1515,2,105.113,9223.484772529557
3324,,,,2778.0,2438.243491828861,-3254.970275171254,1516,2,105.094,9738.181144053315
3325,,,,2777.0,2439.243491828861,-3253.970275171254,1517,2,105.078,8202.57093062994
3326,,,,2776.0,2440.243491828861,-3252.970275171254,1518,2,105.06,9230.181963947147
3327,,,,2776.0,2441.243491828861,-3251.970275171254,1519,2,105.043,8719.513883181127
3328,,,,2775.0,2442.243491828861,-3250.970275171254,1520,2,105.028,7695.667988580001
3329,,,,2773.0,2443.243491828861,-3249.970275171254,1521,2,105.012,8210.861808382486
3330,,,,2772.0,2444.243491828861,-3248.970275171254,1522,2,104.997,7699.6969721326
3331,,,,2772.0,2445.243491828861,-3247.970275171254,1523,2,104.982,7701.7467475612775
3332,,,,2771.0,2446.243491828861,-3246.970275171254,1524,2,104.967,7703.795622989955
3333,,,,2770.0,2447.243491828861,-3245.970275171254,1525,2,104.953,7192.154953263842
3334,,,,2768.0,2448.243491828861,-3244.970275171254,1526,2,104.937,8221.7892240021
3335,,,,2765.0,2449.243491828861,-3243.970275171254,1527,2,104.923,7195.975348730704
3336,,,,2762.0,2450.243491828861,-3242.970275171254,1528,2,104.907,8226.153470249945
3337,,,,2762.0,2451.243491828861,-3241.970275171254,1529,2,104.891,8228.255713574821
3338,,,,2761.0,2452.243491828861,-3240.970275171254,1530,2,104.876,7715.996408257262
3339,,,,2760.0,2453.243491828861,-3239.970275171254,1531,2,104.859,8747.02740390355
3340,,,,2759.0,2454.243491828861,-3238.970275171254,1532,2,104.845,7205.3054809445475
3341,,,,2758.0,2455.243491828861,-3237.970275171254,1533,2,104.829,8236.811582494343
3342,,,,2757.0,2456.243491828861,-3236.970275171254,1534,2,104.814,7724.01381536246
3343,,,,2756.0,2457.243491828861,-3235.970275171254,1535,2,104.799,7726.052700783818
3344,,,,2754.0,2458.243491828861,-3234.970275171254,1536,2,104.783,8243.257400074375
3345,,,,2751.0,2459.243491828861,-3233.970275171254,1537,2,104.766,8760.644245975072
3346,,,,2748.0,2460.243491828861,-3232.970275171254,1538,2,104.75,8247.366006947004
3347,,,,2745.0,2461.243491828861,-3231.970275171254,1539,2,104.735,7733.903893286827
3348,,,,2742.0,2462.243491828861,-3230.970275171254,1540,2,104.718,8767.312863596406
3349,,,,2739.0,2463.243491828861,-3229.970275171254,1541,2,104.701,8769.449809865459
3350,,,,2738.0,2464.243491828861,-3228.970275171254,1542,2,104.684,8771.58560011985
3351,,,,2736.0,2465.243491828861,-3227.970275171254,1543,2,104.667,8773.720234381573
3352,,,,2734.0,2466.243491828861,-3226.970275171254,1544,2,104.651,8259.666483564893
3353,,,,2733.0,2467.243491828861,-3225.970275171254,1545,2,104.637,7229.102382848128
3354,,,,2729.0,2468.243491828861,-3224.970275171254,1546,2,104.62,8780.45288228163
3355,,,,2728.0,2469.243491828861,-3223.970275171254,1547,2,104.604,8266.000005353186
3356,,,,2726.0,2470.243491828861,-3222.970275171254,1548,2,104.59,7234.641638412881
3357,,,,2723.0,2471.243491828861,-3221.970275171254,1549,2,104.573,8787.175942189031
3358,,,,2719.0,2472.243491828861,-3220.970275171254,1550,2,104.557,8272.32450313413
3359,,,,2716.0,2473.243491828861,-3219.970275171254,1551,2,104.543,7240.172997977632
3360,,,,2714.0,2474.243491828861,-3218.970275171254,1552,2,104.529,7242.130494536186
3361,,,,2712.0,2475.243491828861,-3217.970275171254,1553,2,104.515,7244.087207080037
3362,,,,2711.0,2476.243491828861,-3216.970275171254,1554,2,104.5,7763.580501669435
3363,,,,2709.0,2477.243491828861,-3215.970275171254,1555,2,104.487,6730.251913151603
3364,,,,2707.0,2478.243491828861,-3214.970275171254,1556,2,104.472,7767.7692271362985
3365,,,,2706.0,2479.243491828861,-3213.970275171254,1557,2,104.455,8805.675385292463
3366,,,,2705.0,2480.243491828861,-3212.970275171254,1558,2,104.439,8289.727743716337
3367,,,,2705.0,2481.243491828861,-3211.970275171254,1559,2,104.423,8291.799651041158
3368,,,,2704.0,2482.243491828861,-3210.970275171254,1560,2,104.405,9330.514990409827
3369,,,,2701.0,2483.243491828861,-3209.970275171254,1561,2,104.389,8295.781466129412
3370,,,,2699.0,2484.243491828861,-3208.970275171254,1562,2,104.371,9334.992084375828
3371,,,,2698.0,2485.243491828861,-3207.970275171254,1563,2,104.354,8818.45161314152
3372,,,,2696.0,2486.243491828861,-3206.970275171254,1564,2,104.338,8301.746028750751
3373,,,,2696.0,2487.243491828861,-3205.970275171254,1565,2,104.322,8303.81163207556
3374,,,,2698.0,2488.243491828861,-3204.970275171254,1566,2,104.307,7786.7962718517465
3375,,,,2698.0,2489.243491828861,-3203.970275171254,1567,2,104.292,7788.8055472804235
3376,,,,2695.0,2490.243491828861,-3202.970275171254,1568,2,104.277,7790.813922709101
3377,,,,2692.0,2491.243491828861,-3201.970275171254,1569,2,104.264,6753.843317385989
3378,,,,2688.0,2492.243491828861,-3200.970275171254,1570,2,104.253,5716.4264980402195
3379,,,,2683.0,2493.243491828861,-3199.970275171254,1571,2,104.24,6757.709599447089
3380,,,,2679.0,2494.243491828861,-3198.970275171254,1572,2,104.228,6239.639427055184
3381,,,,2674.0,2495.243491828861,-3197.970275171254,1573,2,104.216,6241.422412929537
3382,,,,2670.0,2496.243491828861,-3196.970275171254,1574,2,104.205,5722.965212912845
3383,,,,2669.0,2497.243491828861,-3195.970275171254,1575,2,104.194,5724.653510987822
3384,,,,2668.0,2498.243491828861,-3194.970275171254,1576,2,104.182,6246.887830240205
3385,,,,2665.0,2499.243491828861,-3193.970275171254,1577,2,104.17,6248.668560114559
3386,,,,2662.0,2500.243491828861,-3192.970275171254,1578,2,104.159,5729.605490499112
3387,,,,2660.0,2501.243491828861,-3191.970275171254,1579,2,104.148,5731.291808581494
3388,,,,2658.0,2502.243491828861,-3190.970275171254,1580,2,104.137,5732.977642649065
3389,,,,2656.0,2503.243491828861,-3189.970275171254,1581,2,104.126,5734.662992724043
3390,,,,2655.0,2504.243491828861,-3188.970275171254,1582,2,104.113,6779.25508643708
3391,,,,2652.0,2505.243491828861,-3187.970275171254,1583,2,104.102,5737.922010160356
3392,,,,2649.0,2506.243491828861,-3186.970275171254,1584,2,104.09,6261.358140610248
3393,,,,2646.0,2507.243491828861,-3185.970275171254,1585,2,104.079,5741.234074960906
3394,,,,2645.0,2508.243491828861,-3184.970275171254,1586,2,104.067,6264.970198202758
3395,,,,2644.0,2509.243491828861,-3183.970275171254,1587,2,104.054,6788.941441913196
3396,,,,2644.0,2510.243491828861,-3182.970275171254,1588,2,104.041,6790.79855262038
3397,,,,2641.0,2511.243491828861,-3181.970275171254,1589,2,104.027,7315.131752007666
3398,,,,2638.0,2512.243491828861,-3180.970275171254,1590,2,104.013,7317.059904558869
3399,,,,2635.0,2513.243491828861,-3179.970275171254,1591,2,104.001,6273.477980511702
3400,,,,2633.0,2514.243491828861,-3178.970275171254,1592,2,103.989,6275.250046386055
3401,,,,2632.0,2515.243491828861,-3177.970275171254,1593,2,103.978,5753.964075922074
3402,,,,2630.0,2516.243491828861,-3176.970275171254,1594,2,103.964,7325.257858488077
3403,,,,2627.0,2517.243491828861,-3175.970275171254,1595,2,103.951,6803.844847849506
3404,,,,2623.0,2518.243491828861,-3174.970275171254,1596,2,103.937,7329.176442408253
3405,,,,2621.0,2519.243491828861,-3173.970275171254,1597,2,103.923,7331.099330959456
3406,,,,2619.0,2520.243491828861,-3172.970275171254,1598,2,103.91,6809.266953287219
3407,,,,2617.0,2521.243491828861,-3171.970275171254,1599,2,103.895,7858.9050572927445
3408,,,,2617.0,2522.243491828861,-3170.970275171254,1600,2,103.88,7860.887122721421
3409,,,,2614.0,2523.243491828861,-3169.970275171254,1601,2,103.865,7862.868288150098
3410,,,,2614.0,2524.243491828861,-3168.970275171254,1602,2,103.849,8389.13140258319
3411,,,,2614.0,2525.243491828861,-3167.970275171254,1603,2,103.833,8391.161901922826
3412,,,,2614.0,2526.243491828861,-3166.970275171254,1604,2,103.815,9442.249354643385
3413,,,,2614.0,2527.243491828861,-3165.970275171254,1605,2,103.799,8395.05808499626
3414,,,,2613.0,2528.243491828861,-3164.970275171254,1606,2,103.78,9971.394860019383
3415,,,,2613.0,2529.243491828861,-3163.970275171254,1607,2,103.762,9448.636550060975
3416,,,,2613.0,2530.243491828861,-3162.970275171254,1608,2,103.744,9450.73270827827
3417,,,,2612.0,2531.243491828861,-3161.970275171254,1609,2,103.726,9452.827570495567
3418,,,,2613.0,2532.243491828861,-3160.970275171254,1610,2,103.709,8929.690788365686
3419,,,,2612.0,2533.243491828861,-3159.970275171254,1611,2,103.692,8931.752968634875
3420,,,,2612.0,2534.243491828861,-3158.970275171254,1612,2,103.675,8933.81399288913
3421,,,,2611.0,2535.243491828861,-3157.970275171254,1613,2,103.66,7884.670640675352
3422,,,,2611.0,2536.243491828861,-3156.970275171254,1614,2,103.644,8412.37473327678
3423,,,,2610.0,2537.243491828861,-3155.970275171254,1615,2,103.63,7362.664505359956
3424,,,,2609.0,2538.243491828861,-3154.970275171254,1616,2,103.617,6838.563536359003
3425,,,,2607.0,2539.243491828861,-3153.970275171254,1617,2,103.606,5788.0861951849765
3426,,,,2606.0,2540.243491828861,-3152.970275171254,1618,2,103.594,6316.061418083519
3427,,,,2607.0,2541.243491828861,-3151.970275171254,1619,2,103.582,6317.815939957872
3428,,,,2606.0,2542.243491828861,-3150.970275171254,1620,2,103.572,5266.359083058369
3429,,,,2604.0,2543.243491828861,-3149.970275171254,1621,2,103.56,6321.445331394187
3430,,,,2603.0,2544.243491828861,-3148.970275171254,1622,2,103.549,5796.292978838743
3431,,,,2601.0,2545.243491828861,-3147.970275171254,1623,2,103.538,5797.95522892121
3432,,,,2598.0,2546.243491828861,-3146.970275171254,1624,2,103.525,6854.026609926537
3433,,,,2596.0,2547.243491828861,-3145.970275171254,1625,2,103.511,7383.195450045197
3434,,,,2593.0,2548.243491828861,-3144.970275171254,1626,2,103.497,7385.095042588905
3435,,,,2591.0,2549.243491828861,-3143.970275171254,1627,2,103.481,8442.197111230882
3436,,,,2589.0,2550.243491828861,-3142.970275171254,1628,2,103.465,8444.203034555567
3437,,,,2588.0,2551.243491828861,-3141.970275171254,1629,2,103.45,7918.358206676831
3438,,,,2587.0,2552.243491828861,-3140.970275171254,1630,2,103.435,7920.313422105509
3439,,,,2587.0,2553.243491828861,-3139.970275171254,1631,2,103.421,7394.152300438291
3440,,,,2586.0,2554.243491828861,-3138.970275171254,1632,2,103.406,7924.297780267618
3441,,,,2585.0,2555.243491828861,-3137.970275171254,1633,2,103.392,7397.869410730434
3442,,,,2583.0,2556.243491828861,-3136.970275171254,1634,2,103.378,7399.762535274126
3443,,,,2581.0,2557.243491828861,-3135.970275171254,1635,2,103.362,8458.952312014004
3444,,,,2579.0,2558.243491828861,-3134.970275171254,1636,2,103.347,7932.17930928708
3445,,,,2578.0,2559.243491828861,-3133.970275171254,1637,2,103.332,7934.128284715757
3446,,,,2578.0,2560.243491828861,-3132.970275171254,1638,2,103.317,7936.076360144434
3447,,,,2578.0,2561.243491828861,-3131.970275171254,1639,2,103.304,6879.68698982247
3448,,,,2578.0,2562.243491828861,-3130.970275171254,1640,2,103.29,7410.817847310257
3449,,,,2576.0,2563.243491828861,-3129.970275171254,1641,2,103.274,8471.581258341019
3450,,,,2574.0,2564.243491828861,-3128.970275171254,1642,2,103.258,8473.573389673202
3451,,,,2573.0,2565.243491828861,-3127.970275171254,1643,2,103.241,9005.243668923687
3452,,,,2572.0,2566.243491828861,-3126.970275171254,1644,2,103.225,8477.472460545832
3453,,,,2571.0,2567.243491828861,-3125.970275171254,1645,2,103.208,9009.384187725855
3454,,,,2570.0,2568.243491828861,-3124.970275171254,1646,2,103.19,9541.44576407724
3455,,,,2571.0,2569.243491828861,-3123.970275171254,1647,2,103.171,10073.641468123975
3456,,,,2573.0,2570.243491828861,-3122.970275171254,1648,2,103.153,9545.452527746125
3457,,,,2574.0,2571.243491828861,-3121.970275171254,1649,2,103.136,9017.127227665393
3458,,,,2574.0,2572.243491828861,-3120.970275171254,1650,2,103.119,9019.147383919577
3459,,,,2574.0,2573.243491828861,-3119.970275171254,1651,2,103.102,9021.1663841813
3460,,,,2574.0,2574.243491828861,-3118.970275171254,1652,2,103.085,9023.184228450566
3461,,,,2575.0,2575.243491828861,-3117.970275171254,1653,2,103.069,8494.347949027084
3462,,,,2577.0,2576.243491828861,-3116.970275171254,1654,2,103.052,9027.30404124519
3463,,,,2581.0,2577.243491828861,-3115.970275171254,1655,2,103.036,8498.22330790726
3464,,,,2584.0,2578.243491828861,-3114.970275171254,1656,2,103.021,7968.976787936996
3465,,,,2585.0,2579.243491828861,-3113.970275171254,1657,2,103.006,7970.906983365673
3466,,,,2586.0,2580.243491828861,-3112.970275171254,1658,2,102.989,9035.79338768569
3467,,,,2587.0,2581.243491828861,-3111.970275171254,1659,2,102.971,9569.392372387663
3468,,,,2589.0,2582.243491828861,-3110.970275171254,1660,2,102.951,10634.814886493094
3469,,,,2594.0,2583.243491828861,-3109.970275171254,1661,2,102.93,11168.655820158438
3470,,,,2598.0,2584.243491828861,-3108.970275171254,1662,2,102.911,10106.92202743225
3471,,,,2601.0,2585.243491828861,-3107.970275171254,1663,2,102.889,11704.948433607315
3472,,,,2604.0,2586.243491828861,-3106.970275171254,1664,2,102.869,10642.805767832338
3473,,,,2606.0,2587.243491828861,-3105.970275171254,1665,2,102.849,10644.851133038874
3474,,,,2609.0,2588.243491828861,-3104.970275171254,1666,2,102.828,11179.185290047
3475,,,,2611.0,2589.243491828861,-3103.970275171254,1667,2,102.808,10648.833493712275
3476,,,,2615.0,2590.243491828861,-3102.970275171254,1668,2,102.79,9585.879865794906
3477,,,,2617.0,2591.243491828861,-3101.970275171254,1669,2,102.775,7990.0345259673
3478,,,,2618.0,2592.243491828861,-3100.970275171254,1670,2,102.763,6393.654513882488
3479,,,,2620.0,2593.243491828861,-3099.970275171254,1671,2,102.758,2664.829978425947
3494,,,,2660.0,2608.243491828861,-3084.970275171254,1686,2,102.747,5896.077866668875
3495,,,,2661.0,2609.243491828861,-3083.970275171254,1687,2,102.733,7506.0629378116655
3496,,,,2663.0,2610.243491828861,-3082.970275171254,1688,2,102.719,7507.916442370489
3497,,,,2665.0,2611.243491828861,-3081.970275171254,1689,2,102.703,8582.509769250735
3498,,,,2669.0,2612.243491828861,-3080.970275171254,1690,2,102.689,7511.474813837355
3499,,,,2673.0,2613.243491828861,-3079.970275171254,1691,2,102.674,8049.952848179434
3500,,,,2676.0,2614.243491828861,-3078.970275171254,1692,2,102.659,8051.856883615738
3501,,,,2678.0,2615.243491828861,-3077.970275171254,1693,2,102.644,8053.7600190444155
3502,,,,2679.0,2616.243491828861,-3076.970275171254,1694,2,102.63,7518.654731588859
3503,,,,2680.0,2617.243491828861,-3075.970275171254,1695,2,102.614,8594.776371786
3504,,,,2683.0,2618.243491828861,-3074.970275171254,1696,2,102.598,8596.719735125818
3505,,,,2685.0,2619.243491828861,-3073.970275171254,1697,2,102.584,7523.90265396375
3506,,,,2687.0,2620.243491828861,-3072.970275171254,1698,2,102.57,7525.748066522591
3507,,,,2690.0,2621.243491828861,-3071.970275171254,1699,2,102.556,7527.592695066155
3508,,,,2693.0,2622.243491828861,-3070.970275171254,1700,2,102.542,7529.436539617358
3509,,,,2694.0,2623.243491828861,-3069.970275171254,1701,2,102.528,7531.27960016856
3510,,,,2694.0,2624.243491828861,-3068.970275171254,1702,2,102.512,8609.19816903631
3511,,,,2696.0,2625.243491828861,-3067.970275171254,1703,2,102.496,8611.134684368493
3512,,,,2700.0,2626.243491828861,-3066.970275171254,1704,2,102.48,8613.070175693028
3513,,,,2704.0,2627.243491828861,-3065.970275171254,1705,2,102.465,8076.606261493294
3514,,,,2707.0,2628.243491828861,-3064.970275171254,1706,2,102.451,7539.968007207828
3515,,,,2707.0,2629.243491828861,-3063.970275171254,1707,2,102.437,7541.806167751377
3516,,,,2707.0,2630.243491828861,-3062.970275171254,1708,2,102.421,8621.22273998045
3517,,,,2706.0,2631.243491828861,-3061.970275171254,1709,2,102.409,6467.491253175913
3518,,,,2706.0,2632.243491828861,-3060.970275171254,1710,2,102.397,6469.191127050266
3519,,,,2705.0,2633.243491828861,-3059.970275171254,1711,2,102.384,7010.097061505498
3520,,,,2706.0,2634.243491828861,-3058.970275171254,1712,2,102.371,7011.86884020526
3521,,,,2705.0,2635.243491828861,-3057.970275171254,1713,2,102.359,6474.160800985717
3522,,,,2704.0,2636.243491828861,-3056.970275171254,1714,2,102.345,7555.094228516422
3523,,,,2704.0,2637.243491828861,-3055.970275171254,1715,2,102.333,6477.428681046817
3524,,,,2703.0,2638.243491828861,-3054.970275171254,1716,2,102.321,6479.12500292117
3525,,,,2701.0,2639.243491828861,-3053.970275171254,1717,2,102.306,8100.9071700372715
3526,,,,2698.0,2640.243491828861,-3052.970275171254,1718,2,102.292,7562.6395311745455
3527,,,,2694.0,2641.243491828861,-3051.970275171254,1719,2,102.278,7564.468535725749
3528,,,,2690.0,2642.243491828861,-3050.970275171254,1720,2,102.261,9187.511306783586
3529,,,,2686.0,2643.243491828861,-3049.970275171254,1721,2,102.245,8648.946456634454
3530,,,,2684.0,2644.243491828861,-3048.970275171254,1722,2,102.23,8110.225319875903
3531,,,,2684.0,2645.243491828861,-3047.970275171254,1723,2,102.214,8652.866567098245
3532,,,,2682.0,2646.243491828861,-3046.970275171254,1724,2,102.198,8654.782794430428
3533,,,,2681.0,2647.243491828861,-3045.970275171254,1725,2,102.182,8656.697997754924
3534,,,,2677.0,2648.243491828861,-3044.970275171254,1726,2,102.164,9740.843362463056
3535,,,,2674.0,2649.243491828861,-3043.970275171254,1727,2,102.146,9742.80488068035
3536,,,,2671.0,2650.243491828861,-3042.970275171254,1728,2,102.127,10286.090587323735
3537,,,,2671.0,2651.243491828861,-3041.970275171254,1729,2,102.114,7039.404086185175
3538,,,,2672.0,2652.243491828861,-3040.970275171254,1730,2,102.096,9749.06358239506
3539,,,,2673.0,2653.243491828861,-3039.970275171254,1731,2,102.079,9209.341829056162
3540,,,,2673.0,2654.243491828861,-3038.970275171254,1732,2,102.063,8669.481198538033
3541,,,,2671.0,2655.243491828861,-3037.970275171254,1733,2,102.045,9755.215895344063
3542,,,,2671.0,2656.243491828861,-3036.970275171254,1734,2,102.028,9215.148827833631
3543,,,,2669.0,2657.243491828861,-3035.970275171254,1735,2,102.012,8674.94339316707
3544,,,,2665.0,2658.243491828861,-3034.970275171254,1736,2,101.993,10303.604307463347
3545,,,,2664.0,2659.243491828861,-3033.970275171254,1737,2,101.977,8678.494320448513
3546,,,,2664.0,2660.243491828861,-3032.970275171254,1738,2,101.959,9765.349501493361
3547,,,,2664.0,2661.243491828861,-3031.970275171254,1739,2,101.942,9224.713556871231
3548,,,,2663.0,2662.243491828861,-3030.970275171254,1740,2,101.928,7598.5221295058145
3549,,,,2664.0,2663.243491828861,-3029.970275171254,1741,2,101.911,9228.839132223133
3550,,,,2665.0,2664.243491828861,-3028.970275171254,1742,2,101.897,7601.917926154907
3551,,,,2665.0,2665.243491828861,-3027.970275171254,1743,2,101.883,7603.7264627138275
3552,,,,2664.0,2666.243491828861,-3026.970275171254,1744,2,101.868,8148.746665554642
3553,,,,2663.0,2667.243491828861,-3025.970275171254,1745,2,101.855,7063.924996511183
3554,,,,2660.0,2668.243491828861,-3024.970275171254,1746,2,101.84,8152.617871021506
3555,,,,2660.0,2669.243491828861,-3023.970275171254,1747,2,101.827,7067.278585256855
3556,,,,2660.0,2670.243491828861,-3022.970275171254,1748,2,101.812,8156.48571648837
3557,,,,2660.0,2671.243491828861,-3021.970275171254,1749,2,101.797,8158.338241917047
3558,,,,2659.0,2672.243491828861,-3020.970275171254,1750,2,101.782,8160.189867345724
3559,,,,2660.0,2673.243491828861,-3019.970275171254,1751,2,101.766,8706.13386039167
3560,,,,2662.0,2674.243491828861,-3018.970275171254,1752,2,101.75,8708.021415731588
3561,,,,2663.0,2675.243491828861,-3017.970275171254,1753,2,101.734,8709.907947063772
3562,,,,2663.0,2676.243491828861,-3016.970275171254,1754,2,101.718,8711.793454388218
3563,,,,2663.0,2677.243491828861,-3015.970275171254,1755,2,101.702,8713.67793772814
3564,,,,2665.0,2678.243491828861,-3014.970275171254,1756,2,101.686,8715.561397052583
3565,,,,2667.0,2679.243491828861,-3013.970275171254,1757,2,101.672,7627.83837216412
3566,,,,2668.0,2680.243491828861,-3012.970275171254,1758,2,101.657,8174.568434251366
3567,,,,2668.0,2681.243491828861,-3011.970275171254,1759,2,101.643,7631.355226441011
3568,,,,2669.0,2682.243491828861,-3010.970275171254,1760,2,101.63,7087.959857091716
3569,,,,2669.0,2683.243491828861,-3009.970275171254,1761,2,101.616,7635.019094361187
3570,,,,2669.0,2684.243491828861,-3008.970275171254,1762,2,101.602,7636.81231491239
3571,,,,2667.0,2685.243491828861,-3007.970275171254,1763,2,101.588,7638.6047514713455
3572,,,,2665.0,2686.243491828861,-3006.970275171254,1764,2,101.572,8731.795644794383
3573,,,,2663.0,2687.243491828861,-3005.970275171254,1765,2,101.557,8187.856248775881
3574,,,,2660.0,2688.243491828861,-3004.970275171254,1766,2,101.541,8735.630027258245
3575,,,,2658.0,2689.243491828861,-3003.970275171254,1767,2,101.526,8191.4491223284795
3576,,,,2656.0,2690.243491828861,-3002.970275171254,1768,2,101.51,8739.46044170659
3577,,,,2654.0,2691.243491828861,-3001.970275171254,1769,2,101.493,9287.61854372501
3578,,,,2650.0,2692.243491828861,-3000.970275171254,1770,2,101.477,8743.114584579216
3579,,,,2646.0,2693.243491828861,-2999.970275171254,1771,2,101.46,9291.49882652718
3580,,,,2644.0,2694.243491828861,-2998.970275171254,1772,2,101.444,8746.764503451843
3581,,,,2643.0,2695.243491828861,-2997.970275171254,1773,2,101.429,8201.881993767258
3582,,,,2642.0,2696.243491828861,-2996.970275171254,1774,2,101.415,7656.835407989168
3583,,,,2642.0,2697.243491828861,-2995.970275171254,1775,2,101.403,6564.5943663092
3584,,,,2641.0,2698.243491828861,-2994.970275171254,1776,2,101.385,9849.085221978212
3585,,,,2641.0,2699.243491828861,-2993.970275171254,1777,2,101.369,8756.518639079226
3586,,,,2641.0,2700.243491828861,-2992.970275171254,1778,2,101.355,7663.658262922893
3587,,,,2642.0,2701.243491828861,-2991.970275171254,1779,2,101.343,6570.4398396809665
3588,,,,2640.0,2702.243491828861,-2990.970275171254,1780,2,101.327,8762.61901582621
3589,,,,2639.0,2703.243491828861,-2989.970275171254,1781,2,101.314,7121.243537562863
3590,,,,2638.0,2704.243491828861,-2988.970275171254,1782,2,101.298,8766.594917858009
3591,,,,2636.0,2705.243491828861,-2987.970275171254,1783,2,101.283,8220.463977273048
3592,,,,2635.0,2706.243491828861,-2986.970275171254,1784,2,101.267,8770.393908321901
3593,,,,2633.0,2707.243491828861,-2985.970275171254,1785,2,101.25,9320.468113987748
3594,,,,2632.0,2708.243491828861,-2984.970275171254,1786,2,101.233,9322.34553824947
3595,,,,2632.0,2709.243491828861,-2983.970275171254,1787,2,101.215,9872.65667580822
3596,,,,2629.0,2710.243491828861,-2982.970275171254,1788,2,101.199,8777.459618483685
3597,,,,2625.0,2711.243491828861,-2981.970275171254,1789,2,101.184,8230.643874102318
3598,,,,2622.0,2712.243491828861,-2980.970275171254,1790,2,101.17,7683.666473635214
3599,,,,2621.0,2713.243491828861,-2979.970275171254,1791,2,101.157,7136.511407629224
3600,,,,2621.0,2714.243491828861,-2978.970275171254,1792,2,101.145,6589.162642607796
3601,,,,2620.0,2715.243491828861,-2977.970275171254,1793,2,101.132,7140.007001351732
3602,,,,2616.0,2716.243491828861,-2976.970275171254,1794,2,101.122,5493.711111966355
3603,,,,2612.0,2717.243491828861,-2975.970275171254,1795,2,101.112,5495.19020326799
3604,,,,2609.0,2718.243491828861,-2974.970275171254,1796,2,101.102,5496.668894561813
3605,,,,2607.0,2719.243491828861,-2973.970275171254,1797,2,101.095,3848.760134223992
3606,,,,2605.0,2720.243491828861,-2972.970275171254,1798,2,101.088,3849.908929361793
3607,,,,2603.0,2721.243491828861,-2971.970275171254,1799,2,101.081,3851.057528491777
3608,,,,2602.0,2722.243491828861,-2970.970275171254,1800,2,101.075,3301.9071320050566
3609,,,,2601.0,2723.243491828861,-2969.970275171254,1801,2,101.07,2752.450278284045
3610,,,,2599.0,2724.243491828861,-2968.970275171254,1802,2,101.065,2753.3247911016297
3611,,,,2597.0,2725.243491828861,-2967.970275171254,1803,2,101.06,2754.1992039270376
3612,,,,2593.0,2726.243491828861,-2966.970275171254,1804,2,101.055,2755.0735167524454
3613,,,,2590.0,2727.243491828861,-2965.970275171254,1805,2,101.05,2755.947729585686
3614,,,,2585.0,2728.243491828861,-2964.970275171254,1806,2,101.046,2205.468386893442
3615,,,,2584.0,2729.243491828861,-2963.970275171254,1807,2,101.043,1654.650264060671
3616,,,,2584.0,2730.243491828861,-2962.970275171254,1808,2,101.038,2758.651675366672
3617,,,,2583.0,2731.243491828861,-2961.970275171254,1809,2,101.032,3311.414234363273
3618,,,,2583.0,2732.243491828861,-2960.970275171254,1810,2,101.025,3864.482462594165
3619,,,,2582.0,2733.243491828861,-2959.970275171254,1811,2,101.016,4970.045234993542
3620,,,,2579.0,2734.243491828861,-2958.970275171254,1812,2,101.004,6628.462442631449
3621,,,,2576.0,2735.243491828861,-2957.970275171254,1813,2,100.993,6077.6207758139635
3622,,,,2575.0,2736.243491828861,-2956.970275171254,1814,2,100.983,5526.555155051234
3623,,,,2576.0,2737.243491828861,-2955.970275171254,1815,2,100.972,6080.800103320741
3624,,,,2576.0,2738.243491828861,-2954.970275171254,1816,2,100.964,4423.599502125171
3625,,,,2574.0,2739.243491828861,-2953.970275171254,1817,2,100.955,4977.9477596395145
3626,,,,2572.0,2740.243491828861,-2952.970275171254,1818,2,100.944,6085.776628321917
3627,,,,2570.0,2741.243491828861,-2951.970275171254,1819,2,100.936,4427.21788904083
3628,,,,2567.0,2742.243491828861,-2950.970275171254,1820,2,100.927,4982.017481919634
3629,,,,2565.0,2743.243491828861,-2949.970275171254,1821,2,100.918,4983.389843473957
3630,,,,2563.0,2744.243491828861,-2948.970275171254,1822,2,100.912,3323.2239837350403
3631,,,,2560.0,2745.243491828861,-2947.970275171254,1823,2,100.908,2216.1801660863116
3632,,,,2558.0,2746.243491828861,-2946.970275171254,1824,2,100.906,1108.460768117316
3633,,,,2556.0,2747.243491828861,-2945.970275171254,1825,2,100.905,554.4239563321215
3635,,,,2554.0,2749.243491828861,-2943.970275171254,1827,2,100.904,554.8220798451398
3652,,,,2523.0,2766.243491828861,-2926.970275171254,1844,2,100.903,558.2473003502394
3702,,,,2643.0,2816.243491828861,-2876.970275171254,1894,2,100.895,4546.4984333182
3703,,,,2648.0,2817.243491828861,-2875.970275171254,1895,2,100.889,3410.847964531298
3704,,,,2652.0,2818.243491828861,-2874.970275171254,1896,2,100.888,568.6567170453862
3716,,,,2681.0,2830.243491828861,-2862.970275171254,1908,2,100.875,7423.49942934725
3717,,,,2683.0,2831.243491828861,-2861.970275171254,1909,2,100.855,11422.93499213045
3718,,,,2688.0,2832.243491828861,-2860.970275171254,1910,2,100.835,11424.703797345104
3719,,,,2693.0,2833.243491828861,-2859.970275171254,1911,2,100.817,10283.92589905731
3720,,,,2696.0,2834.243491828861,-2858.970275171254,1912,2,100.802,8571.56007867785
3721,,,,2698.0,2835.243491828861,-2857.970275171254,1913,2,100.791,6287.217653736465
3722,,,,2700.0,2836.243491828861,-2856.970275171254,1914,2,100.781,5717.072731344072
3723,,,,2700.0,2837.243491828861,-2855.970275171254,1915,2,100.775,3431.1806954344775
3724,,,,2701.0,2838.243491828861,-2854.970275171254,1916,2,100.771,2288.146491219355
3769,,,,2839.0,2883.243491828861,-2809.970275171254,1961,2,100.77,581.0917765894551
3770,,,,2840.0,2884.243491828861,-2808.970275171254,1962,2,100.753,9881.10382046269
3771,,,,2842.0,2885.243491828861,-2807.970275171254,1963,2,100.734,11045.442053327484
3772,,,,2843.0,2886.243491828861,-2806.970275171254,1964,2,100.716,10465.80752572103
3773,,,,2846.0,2887.243491828861,-2805.970275171254,1965,2,100.698,10467.562691938323
3774,,,,2850.0,2888.243491828861,-2804.970275171254,1966,2,100.684,8142.963512198268
3775,,,,2854.0,2889.243491828861,-2803.970275171254,1967,2,100.675,5235.976622440707
3776,,,,2858.0,2890.243491828861,-2802.970275171254,1968,2,100.668,4073.51206762173
3777,,,,2861.0,2891.243491828861,-2801.970275171254,1969,2,100.665,1746.3081778212065
3778,,,,2861.0,2892.243491828861,-2800.970275171254,1970,2,100.663,1164.5791954514025
3822,,,,2934.0,2936.243491828861,-2756.970275171254,2014,2,100.65,7684.351818911757
3823,,,,2940.0,2937.243491828861,-2755.970275171254,2015,2,100.635,8868.34584379192
3824,,,,2943.0,2938.243491828861,-2754.970275171254,2016,2,100.618,10052.615396843557
3825,,,,2943.0,2939.243491828861,-2753.970275171254,2017,2,100.604,8280.166354776531
3826,,,,2939.0,2940.243491828861,-2752.970275171254,2018,2,100.59,8281.830887327733
3827,,,,2934.0,2941.243491828861,-2751.970275171254,2019,2,100.575,8875.128705506628
3828,,,,2932.0,2942.243491828861,-2750.970275171254,2020,2,100.56,8876.822170935306
3829,,,,2931.0,2943.243491828861,-2749.970275171254,2021,2,100.545,8878.514736363983
3830,,,,2931.0,2944.243491828861,-2748.970275171254,2022,2,100.531,8288.23386107923
3831,,,,2933.0,2945.243491828861,-2747.970275171254,2023,2,100.516,8881.985524526091
3832,,,,2936.0,2946.243491828861,-2746.970275171254,2024,2,100.501,8883.675419954769
3833,,,,2937.0,2947.243491828861,-2745.970275171254,2025,2,100.486,8885.364415383447
3834,,,,2938.0,2948.243491828861,-2744.970275171254,2026,2,100.471,8887.052510812124
3835,,,,2939.0,2949.243491828861,-2743.970275171254,2027,2,100.458,7703.651092408954
3836,,,,2940.0,2950.243491828861,-2742.970275171254,2028,2,100.445,7705.265987108716
3837,,,,2940.0,2951.243491828861,-2741.970275171254,2029,2,100.432,7706.880205800055
3838,,,,2942.0,2952.243491828861,-2740.970275171254,2030,2,100.421,6522.636582704763
3839,,,,2944.0,2953.243491828861,-2739.970275171254,2031,2,100.408,7710.26018386958
3840,,,,2946.0,2954.243491828861,-2738.970275171254,2032,2,100.393,8898.225711041243
3841,,,,2947.0,2955.243491828861,-2737.970275171254,2033,2,100.38,7713.330320607529
3842,,,,2948.0,2956.243491828861,-2736.970275171254,2034,2,100.367,7714.941159298858
3843,,,,2949.0,2957.243491828861,-2735.970275171254,2035,2,100.352,8903.624346546294
3844,,,,2950.0,2958.243491828861,-2734.970275171254,2036,2,100.336,9498.943518213578
3845,,,,2950.0,2959.243491828861,-2733.970275171254,2037,2,100.318,10688.112784970113
3846,,,,2952.0,2960.243491828861,-2732.970275171254,2038,2,100.302,9502.14478928603
3847,,,,2954.0,2961.243491828861,-2731.970275171254,2039,2,100.285,10097.778121029098
3848,,,,2957.0,2962.243491828861,-2730.970275171254,2040,2,100.267,10693.509421919116
3849,,,,2960.0,2963.243491828861,-2729.970275171254,2041,2,100.25,10101.071819265379
3850,,,,2961.0,2964.243491828861,-2728.970275171254,2042,2,100.232,10696.994347119411
3851,,,,2961.0,2965.243491828861,-2727.970275171254,2043,2,100.214,10698.681545336707
3852,,,,2963.0,2966.243491828861,-2726.970275171254,2044,2,100.196,10700.367447554001
3853,,,,2966.0,2967.243491828861,-2725.970275171254,2045,2,100.178,10702.052053771296
3854,,,,2968.0,2968.243491828861,-2724.970275171254,2046,2,100.159,11298.330932022647
3855,,,,2969.0,2969.243491828861,-2723.970275171254,2047,2,100.141,10705.31048544018
3856,,,,2972.0,2970.243491828861,-2722.970275171254,2048,2,100.125,9517.420530156756
3857,,,,2973.0,2971.243491828861,-2721.970275171254,2049,2,100.108,10113.996967686826
3858,,,,2972.0,2972.243491828861,-2720.970275171254,2050,2,100.09,10710.669646389184
3859,,,,2973.0,2973.243491828861,-2719.970275171254,2051,2,100.07,11902.488346495385
3860,,,,2974.0,2974.243491828861,-2718.970275171254,2052,2,100.052,10713.808009283903
3861,,,,2976.0,2975.243491828861,-2717.970275171254,2053,2,100.034,10715.482247509657
3862,,,,2976.0,2976.243491828861,-2716.970275171254,2054,2,100.015,11312.496151643814
3863,,,,2977.0,2977.243491828861,-2715.970275171254,2055,2,99.997,10718.71965517854
3864,,,,2979.0,2978.243491828861,-2714.970275171254,2056,2,99.978,11315.910603294302
3865,,,,2982.0,2979.243491828861,-2713.970275171254,2057,2,99.96,10721.951734847424
3866,,,,2985.0,2980.243491828861,-2712.970275171254,2058,2,99.94,11915.013480329415
3867,,,,2986.0,2981.243491828861,-2711.970275171254,2059,2,99.922,10725.071161750602
3868,,,,2987.0,2982.243491828861,-2710.970275171254,2060,2,99.905,10130.857094106219
3869,,,,2989.0,2983.243491828861,-2709.970275171254,2061,2,99.887,10728.507306950898
3870,,,,2990.0,2984.243491828861,-2708.970275171254,2062,2,99.867,11922.291489333275
3871,,,,2990.0,2985.243491828861,-2707.970275171254,2063,2,99.846,12520.030603156438
3872,,,,2991.0,2986.243491828861,-2706.970275171254,2064,2,99.825,12521.590709396645
3873,,,,2993.0,2987.243491828861,-2705.970275171254,2065,2,99.807,10734.289069694432
3874,,,,2997.0,2988.243491828861,-2704.970275171254,2066,2,99.791,9543.158791716098
3875,,,,3000.0,2989.243491828861,-2703.970275171254,2067,2,99.777,8351.80283247972
3876,,,,3001.0,2990.243491828861,-2702.970275171254,2068,2,99.765,7160.150002158446
3877,,,,3002.0,2991.243491828861,-2701.970275171254,2069,2,99.755,5968.129014899996
3878,,,,3004.0,2992.243491828861,-2700.970275171254,2070,2,99.747,4775.668488852084
3879,,,,3007.0,2993.243491828861,-2699.970275171254,2071,2,99.739,4776.881369685129
3880,,,,3008.0,2994.243491828861,-2698.970275171254,2072,2,99.733,3583.606426812655
3881,,,,3009.0,2995.243491828861,-2697.970275171254,2073,2,99.729,2389.7490294715935
3882,,,,3010.0,2996.243491828861,-2696.970275171254,2074,2,99.726,1792.8472369882443
3903,,,,3031.0,3017.243491828861,-2675.970275171254,2095,2,99.721,3008.9008135712174
3904,,,,3036.0,3018.243491828861,-2674.970275171254,2096,2,99.704,10232.52454209159
3905,,,,3038.0,3019.243491828861,-2673.970275171254,2097,2,99.688,9632.207973158505
3906,,,,3041.0,3020.243491828861,-2672.970275171254,2098,2,99.672,9633.851880499245
3907,,,,3043.0,3021.243491828861,-2671.970275171254,2099,2,99.656,9635.494763822871
3908,,,,3043.0,3022.243491828861,-2670.970275171254,2100,2,99.639,10239.406283974653
3909,,,,3043.0,3023.243491828861,-2669.970275171254,2101,2,99.621,10843.40696727315
3910,,,,3044.0,3024.243491828861,-2668.970275171254,2102,2,99.6,12652.349066398867
3911,,,,3045.0,3025.243491828861,-2667.970275171254,2103,2,99.578,13256.362860735548
3912,,,,3048.0,3026.243491828861,-2666.970275171254,2104,2,99.555,13860.373740939873
3913,,,,3051.0,3027.243491828861,-2665.970275171254,2105,2,99.532,13861.75097633408
3914,,,,3053.0,3028.243491828861,-2664.970275171254,2106,2,99.51,13260.448104207995
3915,,,,3056.0,3029.243491828861,-2663.970275171254,2107,2,99.492,10850.859240497097
3916,,,,3059.0,3030.243491828861,-2662.970275171254,2108,2,99.474,10852.477678714393
3917,,,,3061.0,3031.243491828861,-2661.970275171254,2109,2,99.455,11457.042495137737
3918,,,,3060.0,3032.243491828861,-2660.970275171254,2110,2,99.439,9649.520593024174
3919,,,,3059.0,3033.243491828861,-2659.970275171254,2111,2,99.424,9047.998507725213
3920,,,,3061.0,3034.243491828861,-2658.970275171254,2112,2,99.41,8446.350786366233
3921,,,,3063.0,3035.243491828861,-2657.970275171254,2113,2,99.398,7241.16825748242
3922,,,,3065.0,3036.243491828861,-2656.970275171254,2114,2,99.386,7242.679515356774
3923,,,,3067.0,3037.243491828861,-2655.970275171254,2115,2,99.379,4225.883918567985
3924,,,,3071.0,3038.243491828861,-2654.970275171254,2116,2,99.374,3019.3000436631432
3925,,,,3072.0,3039.243491828861,-2653.970275171254,2117,2,99.372,1208.074974051222
3950,,,,3097.0,3064.243491828861,-2628.970275171254,2142,2,99.36,7307.558851417875
3951,,,,3096.0,3065.243491828861,-2627.970275171254,2143,2,99.343,10354.2423184643
3952,,,,3095.0,3066.243491828861,-2626.970275171254,2144,2,99.325,10964.960316624227
3953,,,,3094.0,3067.243491828861,-2625.970275171254,2145,2,99.307,10966.54876684152
3954,,,,3095.0,3068.243491828861,-2624.970275171254,2146,2,99.288,11577.418508938625
3955,,,,3096.0,3069.243491828861,-2623.970275171254,2147,2,99.269,11578.975820128864
3956,,,,3098.0,3070.243491828861,-2622.970275171254,2148,2,99.247,13408.834054529156
3957,,,,3100.0,3071.243491828861,-2621.970275171254,2149,2,99.226,12800.737100629225
3958,,,,3100.0,3072.243491828861,-2620.970275171254,2150,2,99.203,14021.31068832015
3959,,,,3101.0,3073.243491828861,-2619.970275171254,2151,2,99.181,13413.011411428884
3960,,,,3103.0,3074.243491828861,-2618.970275171254,2152,2,99.159,13414.399991720129
3961,,,,3104.0,3075.243491828861,-2617.970275171254,2153,2,99.138,12806.042732683427
3962,,,,3105.0,3076.243491828861,-2616.970275171254,2154,2,99.116,13417.306699042256
3963,,,,3105.0,3077.243491828861,-2615.970275171254,2155,2,99.096,12198.931740045216
3964,,,,3106.0,3078.243491828861,-2614.970275171254,2156,2,99.076,12200.433385260421
3965,,,,3105.0,3079.243491828861,-2613.970275171254,2157,2,99.057,11591.895264558685
3966,,,,3103.0,3080.243491828861,-2612.970275171254,2158,2,99.037,12203.5550854045
3967,,,,3100.0,3081.243491828861,-2611.970275171254,2159,2,99.018,11594.857915712466
3968,,,,3100.0,3082.243491828861,-2610.970275171254,2160,2,98.998,12206.670545557246
3969,,,,3101.0,3083.243491828861,-2609.970275171254,2161,2,98.98,10987.458840455713
3970,,,,3100.0,3084.243491828861,-2608.970275171254,2162,2,98.961,11599.466579309166
3971,,,,3097.0,3085.243491828861,-2607.970275171254,2163,2,98.941,12211.517150395875
3972,,,,3093.0,3086.243491828861,-2606.970275171254,2164,2,98.922,11602.414524454276
3973,,,,3090.0,3087.243491828861,-2605.970275171254,2165,2,98.901,12825.283154965762
3974,,,,3087.0,3088.243491828861,-2604.970275171254,2166,2,98.879,13437.441551900789
3975,,,,3083.0,3089.243491828861,-2603.970275171254,2167,2,98.858,12828.01254721952
3976,,,,3079.0,3090.243491828861,-2602.970275171254,2168,2,98.836,13440.29713122293
3977,,,,3076.0,3091.243491828861,-2601.970275171254,2169,2,98.816,12219.80917293673
3978,,,,3074.0,3092.243491828861,-2600.970275171254,2170,2,98.796,12221.288418143266
3979,,,,3072.0,3093.243491828861,-2599.970275171254,2171,2,98.776,12222.766063358487
3980,,,,3070.0,3094.243491828861,-2598.970275171254,2172,2,98.757,11613.088793751827
3981,,,,3067.0,3095.243491828861,-2597.970275171254,2173,2,98.738,11614.607154959413
3982,,,,3066.0,3096.243491828861,-2596.970275171254,2174,2,98.718,12227.43709844876
3983,,,,3065.0,3097.243491828861,-2595.970275171254,2175,2,98.7,11006.129082058078
3984,,,,3063.0,3098.243491828861,-2594.970275171254,2176,2,98.681,11619.153574556112
3985,,,,3059.0,3099.243491828861,-2593.970275171254,2177,2,98.661,12232.218183287388
3986,,,,3054.0,3100.243491828861,-2592.970275171254,2178,2,98.641,12233.684828493924
3987,,,,3051.0,3101.243491828861,-2591.970275171254,2179,2,98.619,13458.528406362953
3988,,,,3049.0,3102.243491828861,-2590.970275171254,2180,2,98.596,14071.605855541298
3989,,,,3048.0,3103.243491828861,-2589.970275171254,2181,2,98.573,14072.858568935637
3990,,,,3047.0,3104.243491828861,-2588.970275171254,2182,2,98.55,14074.109166312586
3991,,,,3047.0,3105.243491828861,-2587.970275171254,2183,2,98.527,14075.357647698233
3992,,,,3047.0,3106.243491828861,-2586.970275171254,2184,2,98.505,13464.64608900794
3993,,,,3046.0,3107.243491828861,-2585.970275171254,2185,2,98.482,14077.991195670145
3994,,,,3045.0,3108.243491828861,-2584.970275171254,2186,2,98.46,13467.16117489412
3995,,,,3044.0,3109.243491828861,-2583.970275171254,2187,2,98.435,15304.86243308587
3996,,,,3044.0,3110.243491828861,-2582.970275171254,2188,2,98.411,14693.735769421612
3997,,,,3044.0,3111.243491828861,-2581.970275171254,2189,2,98.388,14082.660982811478
3998,,,,3044.0,3112.243491828861,-2580.970275171254,2190,2,98.363,15308.425481523986
3999,,,,3045.0,3113.243491828861,-2579.970275171254,2191,2,98.34,14084.83969518152
4000,,,,3046.0,3114.243491828861,-2578.970275171254,2192,2,98.315,15310.788847143598
4001,,,,3047.0,3115.243491828861,-2577.970275171254,2193,2,98.292,14087.00957555156
4002,,,,3047.0,3116.243491828861,-2576.970275171254,2194,2,98.269,14088.234550937206
4003,,,,3048.0,3117.243491828861,-2575.970275171254,2195,2,98.246,14089.457410331555
4004,,,,3050.0,3118.243491828861,-2574.970275171254,2196,2,98.223,14090.678153708493
4005,,,,3051.0,3119.243491828861,-2573.970275171254,2197,2,98.198,15317.1231477164
4006,,,,3052.0,3120.243491828861,-2572.970275171254,2198,2,98.175,14092.826230078535
4007,,,,3053.0,3121.243491828861,-2571.970275171254,2199,2,98.15,15319.453213327302
4008,,,,3056.0,3122.243491828861,-2570.970275171254,2200,2,98.129,12869.447436986706
4009,,,,3059.0,3123.243491828861,-2569.970275171254,2201,2,98.107,13483.641816979038
4010,,,,3060.0,3124.243491828861,-2568.970275171254,2202,2,98.086,12872.048771240461
4011,,,,3061.0,3125.243491828861,-2567.970275171254,2203,2,98.064,13486.363240292498
4012,,,,3061.0,3126.243491828861,-2566.970275171254,2204,2,98.044,12261.627173909044
4013,,,,3061.0,3127.243491828861,-2565.970275171254,2205,2,98.023,12876.134243961082
4014,,,,3061.0,3128.243491828861,-2564.970275171254,2206,2,98.0,14103.776501969312
4015,,,,3062.0,3129.243491828861,-2563.970275171254,2207,2,97.977,14104.974291354958
4016,,,,3063.0,3130.243491828861,-2562.970275171254,2208,2,97.955,13492.927092505688
4017,,,,3065.0,3131.243491828861,-2561.970275171254,2209,2,97.932,14107.50755932687
4018,,,,3068.0,3132.243491828861,-2560.970275171254,2210,2,97.911,12881.98720557552
4019,,,,3070.0,3133.243491828861,-2559.970275171254,2211,2,97.889,13496.759665405418
4020,,,,3070.0,3134.243491828861,-2558.970275171254,2212,2,97.868,12884.552167829277
4021,,,,3070.0,3135.243491828861,-2557.970275171254,2213,2,97.846,13499.442984710158
4022,,,,3072.0,3136.243491828861,-2556.970275171254,2214,2,97.825,12887.109906083035
4023,,,,3075.0,3137.243491828861,-2555.970275171254,2215,2,97.803,13502.11873603234
4024,,,,3078.0,3138.243491828861,-2554.970275171254,2216,2,97.782,12889.660420336792
4025,,,,3079.0,3139.243491828861,-2553.970275171254,2217,2,97.759,14118.568667618894
4026,,,,3079.0,3140.243491828861,-2552.970275171254,2218,2,97.736,14119.74373300454
4027,,,,3079.0,3141.243491828861,-2551.970275171254,2219,2,97.713,14120.916682398909
4028,,,,3079.0,3142.243491828861,-2550.970275171254,2220,2,97.69,14122.08751577583
4029,,,,3077.0,3143.243491828861,-2549.970275171254,2221,2,97.665,15351.208308650443
4030,,,,3077.0,3144.243491828861,-2548.970275171254,2222,2,97.641,14738.15086596362
4031,,,,3075.0,3145.243491828861,-2547.970275171254,2223,2,97.618,14125.153276339619
4032,,,,3074.0,3146.243491828861,-2546.970275171254,2224,2,97.593,15354.533457079857
4033,,,,3073.0,3147.243491828861,-2545.970275171254,2225,2,97.57,14127.186076709662
4034,,,,3072.0,3148.243491828861,-2544.970275171254,2226,2,97.546,14742.54425163215
4035,,,,3071.0,3149.243491828861,-2543.970275171254,2227,2,97.523,14129.35491028033
4036,,,,3068.0,3150.243491828861,-2542.970275171254,2228,2,97.5,14130.508539657243
4037,,,,3067.0,3151.243491828861,-2541.970275171254,2229,2,97.478,13517.309378099191
4038,,,,3068.0,3152.243491828861,-2540.970275171254,2230,2,97.456,13518.547522390369
4039,,,,3069.0,3153.243491828861,-2539.970275171254,2231,2,97.435,12905.314324686879
4040,,,,3069.0,3154.243491828861,-2538.970275171254,2232,2,97.415,12292.086887654626
4041,,,,3066.0,3155.243491828861,-2537.970275171254,2233,2,97.395,12293.459692869897
4042,,,,3061.0,3156.243491828861,-2536.970275171254,2234,2,97.373,13524.175113158208
4043,,,,3056.0,3157.243491828861,-2535.970275171254,2235,2,97.35,14140.12226257236
4044,,,,3052.0,3158.243491828861,-2534.970275171254,2236,2,97.327,14141.259469949267
4045,,,,3051.0,3159.243491828861,-2533.970275171254,2237,2,97.303,14757.205459552188
4046,,,,3048.0,3160.243491828861,-2532.970275171254,2238,2,97.277,15987.924644639246
4047,,,,3046.0,3161.243491828861,-2531.970275171254,2239,2,97.251,15988.709723438295
4048,,,,3046.0,3162.243491828861,-2530.970275171254,2240,2,97.226,15374.59068901353
4049,,,,3046.0,3163.243491828861,-2529.970275171254,2241,2,97.202,14760.554535103802
4050,,,,3046.0,3164.243491828861,-2528.970275171254,2242,2,97.177,15376.56214244981
4051,,,,3046.0,3165.243491828861,-2527.970275171254,2243,2,97.153,14762.442426411022
4052,,,,3044.0,3166.243491828861,-2526.970275171254,2244,2,97.127,15993.582425411723
4053,,,,3044.0,3167.243491828861,-2525.970275171254,2245,2,97.103,14764.16888203063
4054,,,,3042.0,3168.243491828861,-2524.970275171254,2246,2,97.077,15995.447552324225
4055,,,,3040.0,3169.243491828861,-2523.970275171254,2247,2,97.053,14765.885737650242
4056,,,,3036.0,3170.243491828861,-2522.970275171254,2248,2,97.027,15997.30227924547
4057,,,,3034.0,3171.243491828861,-2521.970275171254,2249,2,97.001,15998.060838044517
4058,,,,3033.0,3172.243491828861,-2520.970275171254,2250,2,96.974,16614.07014584322
4059,,,,3033.0,3173.243491828861,-2519.970275171254,2251,2,96.948,15999.404834989782
4060,,,,3033.0,3174.243491828861,-2518.970275171254,2252,2,96.921,16615.46011096086
4061,,,,3032.0,3175.243491828861,-2517.970275171254,2253,2,96.894,16616.06506895852
4062,,,,3030.0,3176.243491828861,-2516.970275171254,2254,2,96.868,16001.317578063774
4063,,,,3028.0,3177.243491828861,-2515.970275171254,2255,2,96.842,16002.059756854076
4064,,,,3027.0,3178.243491828861,-2514.970275171254,2256,2,96.816,16002.799231653124
4065,,,,3027.0,3179.243491828861,-2513.970275171254,2257,2,96.79,16003.53600245217
4066,,,,3025.0,3180.243491828861,-2512.970275171254,2258,2,96.764,16004.270069259965
4067,,,,3024.0,3181.243491828861,-2511.970275171254,2259,2,96.738,16005.001432050265
4068,,,,3020.0,3182.243491828861,-2510.970275171254,2260,2,96.713,15390.204643448124
4069,,,,3015.0,3183.243491828861,-2509.970275171254,2261,2,96.687,16006.621574309935
4070,,,,3011.0,3184.243491828861,-2508.970275171254,2262,2,96.659,17238.500780786824
4071,,,,3007.0,3185.243491828861,-2507.970275171254,2263,2,96.63,17854.50334947766
4072,,,,3002.0,3186.243491828861,-2506.970275171254,2264,2,96.602,17239.157667560903
4073,,,,3000.0,3187.243491828861,-2505.970275171254,2265,2,96.573,17855.177084493676
4074,,,,2995.0,3188.243491828861,-2504.970275171254,2266,2,96.544,17855.416533931668
4075,,,,2993.0,3189.243491828861,-2503.970275171254,2267,2,96.516,17240.029758904257
4076,,,,2990.0,3190.243491828861,-2502.970275171254,2268,2,96.488,17240.43313711782
4077,,,,2986.0,3191.243491828861,-2501.970275171254,2269,2,96.461,16625.175493632574
4078,,,,2982.0,3192.243491828861,-2500.970275171254,2270,2,96.434,16625.73082562149
4079,,,,2978.0,3193.243491828861,-2499.970275171254,2271,2,96.405,17857.674569900544
4080,,,,2977.0,3194.243491828861,-2498.970275171254,2272,2,96.378,16626.4877633022
4081,,,,2974.0,3195.243491828861,-2497.970275171254,2273,2,96.35,17242.760855412966
4082,,,,2971.0,3196.243491828861,-2496.970275171254,2274,2,96.323,16627.405202131467
4083,,,,2968.0,3197.243491828861,-2495.970275171254,2275,2,96.294,17859.46004030015
4084,,,,2966.0,3198.243491828861,-2494.970275171254,2276,2,96.267,16628.138055812175
4085,,,,2965.0,3199.243491828861,-2493.970275171254,2277,2,96.238,17860.24068343869
4086,,,,2967.0,3200.243491828861,-2492.970275171254,2278,2,96.21,17244.652866437027
4087,,,,2969.0,3201.243491828861,-2491.970275171254,2279,2,96.183,16629.21465632449
4088,,,,2972.0,3202.243491828861,-2490.970275171254,2280,2,96.156,16629.740396322155
4089,,,,2971.0,3203.243491828861,-2489.970275171254,2281,2,96.133,14166.815219412809
4090,,,,2970.0,3204.243491828861,-2488.970275171254,2282,2,96.107,16015.577990596374
4091,,,,2968.0,3205.243491828861,-2487.970275171254,2283,2,96.083,14784.377920670691
4092,,,,2967.0,3206.243491828861,-2486.970275171254,2284,2,96.059,14785.296888168104
4093,,,,2967.0,3207.243491828861,-2485.970275171254,2285,2,96.034,15402.225601891781
4094,,,,2966.0,3208.243491828861,-2484.970275171254,2286,2,96.011,14170.923791936666
4095,,,,2966.0,3209.243491828861,-2483.970275171254,2287,2,95.987,14788.039966660343
4096,,,,2964.0,3210.243491828861,-2482.970275171254,2288,2,95.965,13556.678492352412
4097,,,,2961.0,3211.243491828861,-2481.970275171254,2289,2,95.941,14790.165445030387
4098,,,,2959.0,3212.243491828861,-2480.970275171254,2290,2,95.915,16023.492871573955
4099,,,,2955.0,3213.243491828861,-2479.970275171254,2291,2,95.891,14791.665148649998
4100,,,,2954.0,3214.243491828861,-2478.970275171254,2292,2,95.866,15408.842231569175
4101,,,,2953.0,3215.243491828861,-2477.970275171254,2293,2,95.841,15409.617102204389
4102,,,,2952.0,3216.243491828861,-2476.970275171254,2294,2,95.816,15410.389472830844
4103,,,,2953.0,3217.243491828861,-2475.970275171254,2295,2,95.792,14794.790183576826
4104,,,,2952.0,3218.243491828861,-2474.970275171254,2296,2,95.769,14179.26865537687
4105,,,,2949.0,3219.243491828861,-2473.970275171254,2297,2,95.745,14796.724754259261
4106,,,,2945.0,3220.243491828861,-2472.970275171254,2298,2,95.722,14181.118294956299
4107,,,,2943.0,3221.243491828861,-2471.970275171254,2299,2,95.7,13565.571177237685
4108,,,,2941.0,3222.243491828861,-2470.970275171254,2300,2,95.678,13566.663329546358
4109,,,,2938.0,3223.243491828861,-2469.970275171254,2301,2,95.656,13567.753545837504
4110,,,,2935.0,3224.243491828861,-2468.970275171254,2302,2,95.635,12952.14399770462
4111,,,,2931.0,3225.243491828861,-2467.970275171254,2303,2,95.611,14803.558004119817
4112,,,,2928.0,3226.243491828861,-2466.970275171254,2304,2,95.585,16037.966117262935
4113,,,,2927.0,3227.243491828861,-2465.970275171254,2305,2,95.561,14804.992427730662
4114,,,,2924.0,3228.243491828861,-2464.970275171254,2306,2,95.536,15422.691163954003
4115,,,,2921.0,3229.243491828861,-2463.970275171254,2307,2,95.511,15423.432034589216
4116,,,,2918.0,3230.243491828861,-2462.970275171254,2308,2,95.486,15424.170405215664
4117,,,,2916.0,3231.243491828861,-2461.970275171254,2309,2,95.46,16041.818514566048
4118,,,,2912.0,3232.243491828861,-2460.970275171254,2310,2,95.434,16042.413117356327
4119,,,,2911.0,3233.243491828861,-2459.970275171254,2311,2,95.407,16659.956373051646
4120,,,,2910.0,3234.243491828861,-2458.970275171254,2312,2,95.381,16043.426030292847
4121,,,,2910.0,3235.243491828861,-2457.970275171254,2313,2,95.355,16044.012469091895
4122,,,,2909.0,3236.243491828861,-2456.970275171254,2314,2,95.33,15427.577255988166
4123,,,,2906.0,3237.243491828861,-2455.970275171254,2315,2,95.306,14811.243607399443
4124,,,,2905.0,3238.243491828861,-2454.970275171254,2316,2,95.282,14812.088414896856
4125,,,,2903.0,3239.243491828861,-2453.970275171254,2317,2,95.259,14195.799966058563
4126,,,,2901.0,3240.243491828861,-2452.970275171254,2318,2,95.237,13579.575332830913
4127,,,,2898.0,3241.243491828861,-2451.970275171254,2319,2,95.214,14197.855478030477
4128,,,,2897.0,3242.243491828861,-2450.970275171254,2320,2,95.192,13581.537514717093
4129,,,,2895.0,3243.243491828861,-2449.970275171254,2321,2,95.169,14199.90271000239
4130,,,,2894.0,3244.243491828861,-2448.970275171254,2322,2,95.146,14200.848603388036
4131,,,,2893.0,3245.243491828861,-2447.970275171254,2323,2,95.124,13584.39454218954
4132,,,,2891.0,3246.243491828861,-2446.970275171254,2324,2,95.103,12967.986375123193
4133,,,,2888.0,3247.243491828861,-2445.970275171254,2325,2,95.082,12969.1170733634
4134,,,,2883.0,3248.243491828861,-2444.970275171254,2326,2,95.06,13587.805308507775
4135,,,,2882.0,3249.243491828861,-2443.970275171254,2327,2,95.038,13588.843164816462
4136,,,,2880.0,3250.243491828861,-2442.970275171254,2328,2,95.015,14207.526106106274
4137,,,,2880.0,3251.243491828861,-2441.970275171254,2329,2,94.993,13590.77001470264
4138,,,,2878.0,3252.243491828861,-2440.970275171254,2330,2,94.971,13591.802018993772
4139,,,,2876.0,3253.243491828861,-2439.970275171254,2331,2,94.95,12975.044401444704
4140,,,,2875.0,3254.243491828861,-2438.970275171254,2332,2,94.93,12358.315084566824
4141,,,,2873.0,3255.243491828861,-2437.970275171254,2333,2,94.91,12359.508489782142
4142,,,,2871.0,3256.243491828861,-2436.970275171254,2334,2,94.892,11124.747490250247
4143,,,,2871.0,3257.243491828861,-2435.970275171254,2335,2,94.874,11126.053232467542
4144,,,,2869.0,3258.243491828861,-2434.970275171254,2336,2,94.856,11127.357678684837
4145,,,,2868.0,3259.243491828861,-2433.970275171254,2337,2,94.839,10510.457301099557
4146,,,,2866.0,3260.243491828861,-2432.970275171254,2338,2,94.821,11130.080051885134
4147,,,,2864.0,3261.243491828861,-2431.970275171254,2339,2,94.803,11131.380646102429
4148,,,,2862.0,3262.243491828861,-2430.970275171254,2340,2,94.784,11751.100180816393
4149,,,,2859.0,3263.243491828861,-2429.970275171254,2341,2,94.762,13607.764519851698
4150,,,,2857.0,3264.243491828861,-2428.970275171254,2342,2,94.738,14845.779400838223
4151,,,,2856.0,3265.243491828861,-2427.970275171254,2343,2,94.715,14228.034030919032
4152,,,,2854.0,3266.243491828861,-2426.970275171254,2344,2,94.692,14228.935764313468
4153,,,,2853.0,3267.243491828861,-2425.970275171254,2345,2,94.669,14229.835381690322
4154,,,,2850.0,3268.243491828861,-2424.970275171254,2346,2,94.646,14230.732883075967
4155,,,,2848.0,3269.243491828861,-2423.970275171254,2347,2,94.622,14850.31625307572
4156,,,,2848.0,3270.243491828861,-2422.970275171254,2348,2,94.599,14232.371106646633
4157,,,,2848.0,3271.243491828861,-2421.970275171254,2349,2,94.576,14233.262214041071
4158,,,,2848.0,3272.243491828861,-2420.970275171254,2350,2,94.553,14234.151205417922
4159,,,,2845.0,3273.243491828861,-2419.970275171254,2351,2,94.53,14235.038080803568
4160,,,,2843.0,3274.243491828861,-2418.970275171254,2352,2,94.509,12998.15402448905
4161,,,,2840.0,3275.243491828861,-2417.970275171254,2353,2,94.486,14237.106805976106
4162,,,,2839.0,3276.243491828861,-2416.970275171254,2354,2,94.465,13000.03916451615
4163,,,,2839.0,3277.243491828861,-2415.970275171254,2355,2,94.442,14239.16743515744
4164,,,,2838.0,3278.243491828861,-2414.970275171254,2356,2,94.419,14240.043914534288
4165,,,,2837.0,3279.243491828861,-2413.970275171254,2357,2,94.396,14240.918277919933
4166,,,,2836.0,3280.243491828861,-2412.970275171254,2358,2,94.372,14860.920083173773
4167,,,,2835.0,3281.243491828861,-2411.970275171254,2359,2,94.349,14242.5097194906
4168,,,,2836.0,3282.243491828861,-2410.970275171254,2360,2,94.326,14243.377688885044
4169,,,,2836.0,3283.243491828861,-2409.970275171254,2361,2,94.305,13005.751565242259
4170,,,,2834.0,3284.243491828861,-2408.970275171254,2362,2,94.283,13626.116056017918
4171,,,,2832.0,3285.243491828861,-2407.970275171254,2363,2,94.262,13007.740917504818
4172,,,,2830.0,3286.243491828861,-2406.970275171254,2364,2,94.239,14247.584242421945
4173,,,,2828.0,3287.243491828861,-2405.970275171254,2365,2,94.219,12390.146679668009
4174,,,,2824.0,3288.243491828861,-2404.970275171254,2366,2,94.196,14249.751142795105
4175,,,,2824.0,3289.243491828861,-2403.970275171254,2367,2,94.174,13631.085524222302
4176,,,,2823.0,3290.243491828861,-2402.970275171254,2368,2,94.152,13632.044708531017
4177,,,,2824.0,3291.243491828861,-2401.970275171254,2369,2,94.128,14872.207791397474
4178,,,,2825.0,3292.243491828861,-2400.970275171254,2370,2,94.106,13633.667551703555
4179,,,,2824.0,3293.243491828861,-2399.970275171254,2371,2,94.086,12395.241584282674
4180,,,,2823.0,3294.243491828861,-2398.970275171254,2372,2,94.065,13016.119351853426
4181,,,,2822.0,3295.243491828861,-2397.970275171254,2373,2,94.044,13017.164118093631
4182,,,,2821.0,3296.243491828861,-2396.970275171254,2374,2,94.023,13018.207120333838
4183,,,,2820.0,3297.243491828861,-2395.970275171254,2375,2,94.0,14259.025100472776
4184,,,,2819.0,3298.243491828861,-2394.970275171254,2376,2,93.978,13639.938732357577
4185,,,,2819.0,3299.243491828861,-2393.970275171254,2377,2,93.955,14260.844724444689
4186,,,,2818.0,3300.243491828861,-2392.970275171254,2378,2,93.933,13641.675282234944
4187,,,,2818.0,3301.243491828861,-2391.970275171254,2379,2,93.91,14262.656068425416
4188,,,,2819.0,3302.243491828861,-2390.970275171254,2380,2,93.888,13643.403912121123
4189,,,,2817.0,3303.243491828861,-2389.970275171254,2381,2,93.867,13024.210117975377
4190,,,,2814.0,3304.243491828861,-2388.970275171254,2382,2,93.845,13645.415395443397
4191,,,,2811.0,3305.243491828861,-2387.970275171254,2383,2,93.823,13646.345583743305
4192,,,,2811.0,3306.243491828861,-2386.970275171254,2384,2,93.804,11786.47040518067
4193,,,,2809.0,3307.243491828861,-2385.970275171254,2385,2,93.783,13028.313582936205
4194,,,,2806.0,3308.243491828861,-2384.970275171254,2386,2,93.762,13029.335039176412
4195,,,,2804.0,3309.243491828861,-2383.970275171254,2387,2,93.745,10548.607430177482
4196,,,,2803.0,3310.243491828861,-2382.970275171254,2388,2,93.725,12411.42694826948
4197,,,,2802.0,3311.243491828861,-2381.970275171254,2389,2,93.707,11171.39382288883
4198,,,,2799.0,3312.243491828861,-2380.970275171254,2390,2,93.686,13034.516137941673
4199,,,,2797.0,3313.243491828861,-2379.970275171254,2391,2,93.667,11794.176050571026
4200,,,,2797.0,3314.243491828861,-2378.970275171254,2392,2,93.648,11795.342873769927
4201,,,,2796.0,3315.243491828861,-2377.970275171254,2393,2,93.63,11175.69907192948
4202,,,,2796.0,3316.243491828861,-2376.970275171254,2394,2,93.614,9935.147142138545
4203,,,,2796.0,3317.243491828861,-2375.970275171254,2395,2,93.597,10557.416012935422
4204,,,,2795.0,3318.243491828861,-2374.970275171254,2396,2,93.582,9316.582478355867
4205,,,,2794.0,3319.243491828861,-2373.970275171254,1,3,93.518,39745.949268551136
4223,,,,2766.0,3337.243491828861,-2355.970275171254,19,3,93.511,4369.129191235942
4224,,,,2766.0,3338.243491828861,-2354.970275171254,20,3,93.496,9364.123510146952
4225,,,,2765.0,3339.243491828861,-2353.970275171254,21,3,93.481,9365.425955575629
4226,,,,2763.0,3340.243491828861,-2352.970275171254,22,3,93.465,9991.122557169474
4227,,,,2763.0,3341.243491828861,-2351.970275171254,23,3,93.445,12490.236421161037
4228,,,,2762.0,3342.243491828861,-2350.970275171254,24,3,93.427,11242.291064482322
4229,,,,2759.0,3343.243491828861,-2349.970275171254,25,3,93.408,11868.063058124468
4230,,,,2757.0,3344.243491828861,-2348.970275171254,26,3,93.391,10619.922780509813
4231,,,,2756.0,3345.243491828861,-2347.970275171254,27,3,93.372,11870.586495027646
4232,,,,2754.0,3346.243491828861,-2346.970275171254,28,3,93.352,12496.479395362558
4233,,,,2752.0,3347.243491828861,-2345.970275171254,29,3,93.334,11247.902973280556
4234,,,,2750.0,3348.243491828861,-2344.970275171254,30,3,93.313,13123.731663407507
4235,,,,2749.0,3349.243491828861,-2343.970275171254,31,3,93.295,11249.921331418029
4236,,,,2748.0,3350.243491828861,-2342.970275171254,32,3,93.276,11876.107291769456
4237,,,,2745.0,3351.243491828861,-2341.970275171254,33,3,93.259,10627.111480718482
4238,,,,2743.0,3352.243491828861,-2340.970275171254,34,3,93.24,11878.611120672635
4239,,,,2741.0,3353.243491828861,-2339.970275171254,35,3,93.221,11879.73355986265
4240,,,,2739.0,3354.243491828861,-2338.970275171254,36,3,93.204,10630.352330397649
4241,,,,2736.0,3355.243491828861,-2337.970275171254,37,3,93.184,12507.542479097465
4242,,,,2732.0,3356.243491828861,-2336.970275171254,38,3,93.168,10007.082995023124
4243,,,,2727.0,3357.243491828861,-2335.970275171254,39,3,93.15,11259.268072390681
4244,,,,2722.0,3358.243491828861,-2334.970275171254,40,3,93.132,11260.445654607976
4245,,,,2720.0,3359.243491828861,-2333.970275171254,41,3,93.113,11887.203778581072
4246,,,,2718.0,3360.243491828861,-2332.970275171254,42,3,93.093,12513.949992787208
4247,,,,2717.0,3361.243491828861,-2331.970275171254,43,3,93.075,11263.607610962745
4248,,,,2715.0,3362.243491828861,-2330.970275171254,44,3,93.056,11890.537124177772
4249,,,,2714.0,3363.243491828861,-2329.970275171254,45,3,93.038,11265.829818631628
4250,,,,2715.0,3364.243491828861,-2328.970275171254,46,3,93.021,10641.1122573826
4251,,,,2714.0,3365.243491828861,-2327.970275171254,47,3,93.005,10016.364572978635
4252,,,,2711.0,3366.243491828861,-2326.970275171254,48,3,92.992,8139.445479740381
4253,,,,2710.0,3367.243491828861,-2325.970275171254,49,3,92.978,8766.88781046205
4254,,,,2708.0,3368.243491828861,-2324.970275171254,50,3,92.962,10020.65911792498
4255,,,,2707.0,3369.243491828861,-2323.970275171254,51,3,92.948,8769.264805928915
4256,,,,2705.0,3370.243491828861,-2322.970275171254,52,3,92.933,9396.963457561062
4257,,,,2703.0,3371.243491828861,-2321.970275171254,53,3,92.919,8771.732836213552
4258,,,,2699.0,3372.243491828861,-2320.970275171254,54,3,92.904,9399.606035732073
4259,,,,2695.0,3373.243491828861,-2319.970275171254,55,3,92.891,8147.513069330833
4260,,,,2692.0,3374.243491828861,-2318.970275171254,56,3,92.873,11282.633424290165
4261,,,,2690.0,3375.243491828861,-2317.970275171254,57,3,92.857,10030.143579801339
4262,,,,2689.0,3376.243491828861,-2316.970275171254,58,3,92.84,10658.290890933882
4263,,,,2687.0,3377.243491828861,-2315.970275171254,59,3,92.825,9405.53869365644
4264,,,,2685.0,3378.243491828861,-2314.970275171254,60,3,92.81,9406.803459085115
4265,,,,2683.0,3379.243491828861,-2313.970275171254,61,3,92.793,10662.36140683394
4266,,,,2681.0,3380.243491828861,-2312.970275171254,62,3,92.776,10663.562877104576
4267,,,,2679.0,3381.243491828861,-2311.970275171254,63,3,92.759,10664.763191357384
4268,,,,2678.0,3382.243491828861,-2310.970275171254,64,3,92.743,10038.60691554315
4269,,,,2674.0,3383.243491828861,-2309.970275171254,65,3,92.725,11294.701270965701
4270,,,,2671.0,3384.243491828861,-2308.970275171254,66,3,92.708,10668.35719814255
4271,,,,2667.0,3385.243491828861,-2307.970275171254,67,3,92.691,10669.552888404274
4272,,,,2663.0,3386.243491828861,-2306.970275171254,68,3,92.675,10043.110577704932
4273,,,,2661.0,3387.243491828861,-2305.970275171254,69,3,92.657,11299.762994897705
4274,,,,2657.0,3388.243491828861,-2304.970275171254,70,3,92.639,11300.903389115
4275,,,,2656.0,3389.243491828861,-2303.970275171254,71,3,92.622,10674.208855172443
4276,,,,2654.0,3390.243491828861,-2302.970275171254,72,3,92.604,11303.302338315294
4277,,,,2652.0,3391.243491828861,-2301.970275171254,73,3,92.589,9420.51833973429
4278,,,,2649.0,3392.243491828861,-2300.970275171254,74,3,92.572,10677.890352236333
4279,,,,2646.0,3393.243491828861,-2299.970275171254,75,3,92.555,10679.076794498056
4280,,,,2644.0,3394.243491828861,-2298.970275171254,76,3,92.539,10052.065678028497
4281,,,,2642.0,3395.243491828861,-2297.970275171254,77,3,92.523,10053.288817360679
4282,,,,2639.0,3396.243491828861,-2296.970275171254,78,3,92.507,10054.510932683934
4283,,,,2636.0,3397.243491828861,-2295.970275171254,79,3,92.489,11312.576226259125
4284,,,,2633.0,3398.243491828861,-2294.970275171254,80,3,92.471,11313.704092476419
4285,,,,2631.0,3399.243491828861,-2293.970275171254,81,3,92.452,11943.367780553332
4286,,,,2629.0,3400.243491828861,-2292.970275171254,82,3,92.435,10687.233914051392
4287,,,,2628.0,3401.243491828861,-2291.970275171254,83,3,92.418,10688.411074313115
4288,,,,2626.0,3402.243491828861,-2290.970275171254,84,3,92.401,10689.587078583772
4289,,,,2624.0,3403.243491828861,-2289.970275171254,85,3,92.384,10690.76192683656
4290,,,,2622.0,3404.243491828861,-2288.970275171254,86,3,92.368,10063.052697641211
4291,,,,2619.0,3405.243491828861,-2287.970275171254,87,3,92.35,11322.175811826011
4292,,,,2616.0,3406.243491828861,-2286.970275171254,88,3,92.335,9436.231189326554
4293,,,,2614.0,3407.243491828861,-2285.970275171254,89,3,92.32,9437.468204755232
4294,,,,2611.0,3408.243491828861,-2284.970275171254,90,3,92.306,8809.505080910887
4295,,,,2609.0,3409.243491828861,-2283.970275171254,91,3,92.291,9440.041812917341
4296,,,,2605.0,3410.243491828861,-2282.970275171254,92,3,92.273,11329.347236866663
4297,,,,2601.0,3411.243491828861,-2281.970275171254,93,3,92.259,8812.770176475638
4298,,,,2599.0,3412.243491828861,-2280.970275171254,94,3,92.242,10702.559720258007
4299,,,,2597.0,3413.243491828861,-2279.970275171254,95,3,92.224,11333.292731347077
4300,,,,2596.0,3414.243491828861,-2278.970275171254,96,3,92.206,11334.400689564372
4301,,,,2595.0,3415.243491828861,-2277.970275171254,97,3,92.189,10705.815002494679
4302,,,,2594.0,3416.243491828861,-2276.970275171254,98,3,92.172,10706.975128747452
4303,,,,2593.0,3417.243491828861,-2275.970275171254,99,3,92.156,10078.298533783698
4304,,,,2589.0,3418.243491828861,-2274.970275171254,100,3,92.144,7559.787306528996
4305,,,,2587.0,3419.243491828861,-2273.970275171254,101,3,92.13,8821.087452992106
4306,,,,2584.0,3420.243491828861,-2272.970275171254,102,3,92.117,8192.204834301237
4307,,,,2581.0,3421.243491828861,-2271.970275171254,103,3,92.103,8823.660664912284
4308,,,,2578.0,3422.243491828861,-2270.970275171254,104,3,92.09,8194.592841369973
4309,,,,2576.0,3423.243491828861,-2269.970275171254,105,3,92.077,8195.830294078693
4310,,,,2575.0,3424.243491828861,-2268.970275171254,106,3,92.064,8197.067070778454
4311,,,,2573.0,3425.243491828861,-2267.970275171254,107,3,92.053,6937.101115832874
4312,,,,2570.0,3426.243491828861,-2266.970275171254,108,3,92.04,8199.716760830592
4313,,,,2567.0,3427.243491828861,-2265.970275171254,109,3,92.027,8200.951561539317
4314,,,,2564.0,3428.243491828861,-2264.970275171254,110,3,92.012,9463.957559890734
4315,,,,2563.0,3429.243491828861,-2263.970275171254,111,3,91.996,10096.131783114492
4316,,,,2562.0,3430.243491828861,-2262.970275171254,112,3,91.979,10728.343788954067
4317,,,,2562.0,3431.243491828861,-2261.970275171254,113,3,91.965,8836.193140050897
4318,,,,2562.0,3432.243491828861,-2260.970275171254,114,3,91.951,8837.42291661107
4319,,,,2562.0,3433.243491828861,-2259.970275171254,115,3,91.934,10732.473651411567
4320,,,,2561.0,3434.243491828861,-2258.970275171254,116,3,91.92,8839.591641251192
4321,,,,2561.0,3435.243491828861,-2257.970275171254,117,3,91.908,7577.927287391278
4322,,,,2558.0,3436.243491828861,-2256.970275171254,118,3,91.892,10105.30486077369
4323,,,,2555.0,3437.243491828861,-2255.970275171254,119,3,91.879,8211.653758573788
4324,,,,2554.0,3438.243491828861,-2254.970275171254,120,3,91.863,10107.995770813273
4325,,,,2554.0,3439.243491828861,-2253.970275171254,121,3,91.848,9477.402916910936
4326,,,,2553.0,3440.243491828861,-2252.970275171254,122,3,91.834,8846.751270922865
4327,,,,2552.0,3441.243491828861,-2251.970275171254,123,3,91.821,8216.020455397089
4328,,,,2550.0,3442.243491828861,-2250.970275171254,124,3,91.808,8217.244492087868
4329,,,,2548.0,3443.243491828861,-2249.970275171254,125,3,91.795,8218.467852796613
4330,,,,2546.0,3444.243491828861,-2248.970275171254,126,3,91.781,8851.92620558099
4331,,,,2545.0,3445.243491828861,-2247.970275171254,127,3,91.767,8853.145734141179
4332,,,,2544.0,3446.243491828861,-2246.970275171254,128,3,91.75,10751.552537126681
4333,,,,2543.0,3447.243491828861,-2245.970275171254,129,3,91.733,10752.679819388404
4334,,,,2542.0,3448.243491828861,-2244.970275171254,130,3,91.718,9488.755752292805
4335,,,,2542.0,3449.243491828861,-2243.970275171254,131,3,91.703,9489.955357721483
4336,,,,2542.0,3450.243491828861,-2242.970275171254,132,3,91.69,8225.756561063923
4337,,,,2539.0,3451.243491828861,-2241.970275171254,133,3,91.675,9492.558943188345
4338,,,,2537.0,3452.243491828861,-2240.970275171254,134,3,91.662,8228.011545792879
4339,,,,2535.0,3453.243491828861,-2239.970275171254,135,3,91.647,9495.159168655211
4340,,,,2534.0,3454.243491828861,-2238.970275171254,136,3,91.635,7597.207868032816
4341,,,,2533.0,3455.243491828861,-2237.970275171254,137,3,91.621,8864.717418746592
4342,,,,2532.0,3456.243491828861,-2236.970275171254,138,3,91.608,8232.692503930346
4343,,,,2529.0,3457.243491828861,-2235.970275171254,139,3,91.593,9500.556974198447
4344,,,,2525.0,3458.243491828861,-2234.970275171254,140,3,91.58,8234.938856677296
4345,,,,2522.0,3459.243491828861,-2233.970275171254,141,3,91.565,9503.147239665312
4346,,,,2519.0,3460.243491828861,-2232.970275171254,142,3,91.55,9504.337305093988
4347,,,,2517.0,3461.243491828861,-2231.970275171254,143,3,91.536,8871.873163227037
4348,,,,2515.0,3462.243491828861,-2230.970275171254,144,3,91.52,10140.55111424697
4349,,,,2513.0,3463.243491828861,-2229.970275171254,145,3,91.504,10141.706829570147
4350,,,,2512.0,3464.243491828861,-2228.970275171254,146,3,91.49,8875.10082961857
4351,,,,2510.0,3465.243491828861,-2227.970275171254,147,3,91.474,10144.23696381799
4352,,,,2510.0,3466.243491828861,-2226.970275171254,148,3,91.46,8877.313017085435
4353,,,,2511.0,3467.243491828861,-2225.970275171254,149,3,91.446,8878.514933627626
4354,,,,2512.0,3468.243491828861,-2224.970275171254,150,3,91.432,8879.71606617883
4355,,,,2512.0,3469.243491828861,-2223.970275171254,151,3,91.419,8246.610342420505
4356,,,,2512.0,3470.243491828861,-2222.970275171254,152,3,91.408,6978.996275683806
4357,,,,2511.0,3471.243491828861,-2221.970275171254,153,3,91.395,8249.198412481604
4358,,,,2509.0,3472.243491828861,-2220.970275171254,154,3,91.384,6981.185125120119
4359,,,,2507.0,3473.243491828861,-2219.970275171254,155,3,91.372,7617.073051112392
4360,,,,2506.0,3474.243491828861,-2218.970275171254,156,3,91.36,7618.265540986746
4361,,,,2506.0,3475.243491828861,-2217.970275171254,157,3,91.347,8254.367064603804
4362,,,,2503.0,3476.243491828861,-2216.970275171254,158,3,91.336,6985.556487992746
4363,,,,2500.0,3477.243491828861,-2215.970275171254,159,3,91.322,8892.048784223993
4364,,,,2497.0,3478.243491828861,-2214.970275171254,160,3,91.309,8258.056133033879
4365,,,,2496.0,3479.243491828861,-2213.970275171254,161,3,91.295,8894.53290014417
4366,,,,2494.0,3480.243491828861,-2212.970275171254,162,3,91.28,9531.081832810176
4367,,,,2492.0,3481.243491828861,-2211.970275171254,163,3,91.266,8896.819042428804
4368,,,,2492.0,3482.243491828861,-2210.970275171254,164,3,91.252,8898.00964698904
4369,,,,2491.0,3483.243491828861,-2209.970275171254,165,3,91.239,8263.58764486972
4370,,,,2490.0,3484.243491828861,-2208.970275171254,166,3,91.226,8264.782353578516
4371,,,,2489.0,3485.243491828861,-2207.970275171254,167,3,91.214,7630.173871791378
4372,,,,2487.0,3486.243491828861,-2206.970275171254,168,3,91.202,7631.359113665731
4373,,,,2485.0,3487.243491828861,-2205.970275171254,169,3,91.19,7632.543779540084
4374,,,,2483.0,3488.243491828861,-2204.970275171254,170,3,91.179,6997.622250971965
4375,,,,2482.0,3489.243491828861,-2203.970275171254,171,3,91.168,6998.783913046942
4376,,,,2483.0,3490.243491828861,-2202.970275171254,172,3,91.159,5727.290626212344
4377,,,,2482.0,3491.243491828861,-2201.970275171254,173,3,91.149,6364.816185086616
4378,,,,2482.0,3492.243491828861,-2200.970275171254,174,3,91.139,6365.940816388251
4379,,,,2479.0,3493.243491828861,-2199.970275171254,175,3,91.128,7003.73312677413
4380,,,,2476.0,3494.243491828861,-2198.970275171254,176,3,91.118,6368.1189941216835
4381,,,,2473.0,3495.243491828861,-2197.970275171254,177,3,91.107,7006.128198280904
4382,,,,2472.0,3496.243491828861,-2196.970275171254,178,3,91.094,8281.247785914566
4383,,,,2472.0,3497.243491828861,-2195.970275171254,179,3,91.082,7645.365964409264
4384,,,,2471.0,3498.243491828861,-2194.970275171254,180,3,91.068,8920.870728510097
4385,,,,2469.0,3499.243491828861,-2193.970275171254,181,3,91.056,7647.554660470363
4386,,,,2467.0,3500.243491828861,-2192.970275171254,182,3,91.04,10198.08542220344
4387,,,,2467.0,3501.243491828861,-2191.970275171254,183,3,91.025,9561.808445097686
4388,,,,2467.0,3502.243491828861,-2190.970275171254,184,3,91.011,8925.481547906198
4389,,,,2468.0,3503.243491828861,-2189.970275171254,185,3,90.998,8289.083981149903
4390,,,,2468.0,3504.243491828861,-2188.970275171254,186,3,90.986,7652.594971404092
4391,,,,2469.0,3505.243491828861,-2187.970275171254,187,3,90.973,8291.537806889275
4392,,,,2469.0,3506.243491828861,-2186.970275171254,188,3,90.959,8930.570473373033
4393,,,,2468.0,3507.243491828861,-2185.970275171254,189,3,90.947,7655.863615495739
4394,,,,2470.0,3508.243491828861,-2184.970275171254,190,3,90.936,7018.98836126464
4395,,,,2472.0,3509.243491828861,-2183.970275171254,191,3,90.924,7658.29225708825
4396,,,,2473.0,3510.243491828861,-2182.970275171254,192,3,90.916,5106.421412439521
4397,,,,2473.0,3511.243491828861,-2181.970275171254,193,3,90.906,6384.213141707265
4398,,,,2471.0,3512.243491828861,-2180.970275171254,194,3,90.897,5746.82763190488
4399,,,,2468.0,3513.243491828861,-2179.970275171254,195,3,90.886,7025.127358432701
4400,,,,2466.0,3514.243491828861,-2178.970275171254,196,3,90.874,7664.986764898055
4401,,,,2465.0,3515.243491828861,-2177.970275171254,197,3,90.864,6388.533217174125
4402,,,,2464.0,3516.243491828861,-2176.970275171254,198,3,90.853,7028.573404657636
4403,,,,2463.0,3517.243491828861,-2175.970275171254,199,3,90.844,5751.653316613674
4404,,,,2460.0,3518.243491828861,-2174.970275171254,200,3,90.832,7670.164855458292
4405,,,,2458.0,3519.243491828861,-2173.970275171254,201,3,90.821,7032.092518230306
4406,,,,2457.0,3520.243491828861,-2172.970275171254,202,3,90.808,8311.917967300253
4407,,,,2455.0,3521.243491828861,-2171.970275171254,203,3,90.795,8313.0889640091
4408,,,,2453.0,3522.243491828861,-2170.970275171254,204,3,90.783,7674.743145111902
4409,,,,2453.0,3523.243491828861,-2169.970275171254,205,3,90.772,7036.287193746114
4410,,,,2454.0,3524.243491828861,-2168.970275171254,206,3,90.76,7677.1556347044125
4411,,,,2455.0,3525.243491828861,-2167.970275171254,207,3,90.749,7038.497630548341
4412,,,,2452.0,3526.243491828861,-2166.970275171254,208,3,90.741,5119.823450653322
4413,,,,2448.0,3527.243491828861,-2165.970275171254,209,3,90.734,4480.745588760699
4414,,,,2442.0,3528.243491828861,-2164.970275171254,210,3,90.724,6402.280075396991
4415,,,,2439.0,3529.243491828861,-2163.970275171254,211,3,90.712,7683.981866201826
4416,,,,2435.0,3530.243491828861,-2162.970275171254,212,3,90.701,7044.752688420975
4417,,,,2433.0,3531.243491828861,-2161.970275171254,213,3,90.687,8967.352722939253
4418,,,,2430.0,3532.243491828861,-2160.970275171254,214,3,90.671,10249.609843051896
4419,,,,2429.0,3533.243491828861,-2159.970275171254,215,3,90.658,8328.833618691213
4420,,,,2430.0,3534.243491828861,-2158.970275171254,216,3,90.642,10252.133521100583
4421,,,,2432.0,3535.243491828861,-2157.970275171254,217,3,90.624,11534.750042217742
4422,,,,2433.0,3536.243491828861,-2156.970275171254,218,3,90.61,8972.425741970868
4423,,,,2432.0,3537.243491828861,-2155.970275171254,219,3,90.598,7691.721824008182
4424,,,,2430.0,3538.243491828861,-2154.970275171254,220,3,90.583,9615.937411396037
4425,,,,2430.0,3539.243491828861,-2153.970275171254,221,3,90.571,7693.777386225477
4426,,,,2430.0,3540.243491828861,-2152.970275171254,222,3,90.559,7694.93164409983
4427,,,,2429.0,3541.243491828861,-2151.970275171254,223,3,90.548,7054.7838358183735
4428,,,,2428.0,3542.243491828861,-2150.970275171254,224,3,90.537,7055.9187898933515
4429,,,,2425.0,3543.243491828861,-2149.970275171254,225,3,90.524,8340.061728365685
4430,,,,2423.0,3544.243491828861,-2148.970275171254,226,3,90.51,8982.800068193745
4431,,,,2422.0,3545.243491828861,-2147.970275171254,227,3,90.496,8983.944808754068
4432,,,,2421.0,3546.243491828861,-2146.970275171254,228,3,90.484,7701.589765814539
4433,,,,2421.0,3547.243491828861,-2145.970275171254,229,3,90.469,9628.265273653982
4434,,,,2419.0,3548.243491828861,-2144.970275171254,230,3,90.454,9629.38285908266
4435,,,,2417.0,3549.243491828861,-2143.970275171254,231,3,90.441,8346.525218901197
4436,,,,2416.0,3550.243491828861,-2142.970275171254,232,3,90.428,8347.676871610083
4437,,,,2415.0,3551.243491828861,-2141.970275171254,233,3,90.415,8348.82784830072
4438,,,,2414.0,3552.243491828861,-2140.970275171254,234,3,90.401,8992.234429065807
4439,,,,2413.0,3553.243491828861,-2139.970275171254,235,3,90.387,8993.372981607883
4440,,,,2412.0,3554.243491828861,-2138.970275171254,236,3,90.374,8352.091901747557
4441,,,,2411.0,3555.243491828861,-2137.970275171254,237,3,90.36,8995.74728152806
4442,,,,2410.0,3556.243491828861,-2136.970275171254,238,3,90.347,8354.295204816293
4443,,,,2409.0,3557.243491828861,-2135.970275171254,239,3,90.335,7712.758423087758
4444,,,,2408.0,3558.243491828861,-2134.970275171254,240,3,90.32,9642.217170245507
4445,,,,2407.0,3559.243491828861,-2133.970275171254,241,3,90.306,9000.486809368413
4446,,,,2407.0,3560.243491828861,-2132.970275171254,242,3,90.293,8358.693386944631
4447,,,,2407.0,3561.243491828861,-2131.970275171254,243,3,90.282,7073.786978913323
4448,,,,2408.0,3562.243491828861,-2130.970275171254,244,3,90.268,9004.282874293107
4449,,,,2407.0,3563.243491828861,-2129.970275171254,245,3,90.255,8362.216263383843
4450,,,,2405.0,3564.243491828861,-2128.970275171254,246,3,90.242,8363.358348074462
4451,,,,2402.0,3565.243491828861,-2127.970275171254,247,3,90.229,8364.499756783367
4452,,,,2401.0,3566.243491828861,-2126.970275171254,248,3,90.217,7722.1724775189
4453,,,,2400.0,3567.243491828861,-2125.970275171254,249,3,90.204,8366.87329451368
4454,,,,2399.0,3568.243491828861,-2124.970275171254,250,3,90.192,7724.362235423802
4455,,,,2397.0,3569.243491828861,-2123.970275171254,251,3,90.181,7081.746719865337
4456,,,,2394.0,3570.243491828861,-2122.970275171254,252,3,90.169,7726.720965016313
4457,,,,2391.0,3571.243491828861,-2121.970275171254,253,3,90.152,10947.49336072859
4458,,,,2389.0,3572.243491828861,-2120.970275171254,254,3,90.139,8372.56356801249
4459,,,,2390.0,3573.243491828861,-2119.970275171254,255,3,90.126,8373.6995947031
4460,,,,2389.0,3574.243491828861,-2118.970275171254,256,3,90.114,7730.6597636071
4461,,,,2388.0,3575.243491828861,-2117.970275171254,257,3,90.102,7731.792973481453
4462,,,,2386.0,3576.243491828861,-2116.970275171254,258,3,90.089,8377.289583473115
4463,,,,2384.0,3577.243491828861,-2115.970275171254,259,3,90.075,9022.866950463258
4464,,,,2382.0,3578.243491828861,-2114.970275171254,260,3,90.064,7090.3932481265265
4465,,,,2380.0,3579.243491828861,-2113.970275171254,261,3,90.051,8380.780739894028
4466,,,,2378.0,3580.243491828861,-2112.970275171254,262,3,90.04,7092.46593755368
4467,,,,2377.0,3581.243491828861,-2111.970275171254,263,3,90.028,7738.408237039966
4468,,,,2375.0,3582.243491828861,-2110.970275171254,264,3,90.017,7094.615324355979
4469,,,,2372.0,3583.243491828861,-2109.970275171254,265,3,90.005,7740.751918632475
4470,,,,2369.0,3584.243491828861,-2108.970275171254,266,3,89.993,7741.879920506829
4471,,,,2365.0,3585.243491828861,-2107.970275171254,267,3,89.98,8388.211350408108
4472,,,,2363.0,3586.243491828861,-2106.970275171254,268,3,89.966,9034.622399335363
4473,,,,2361.0,3587.243491828861,-2105.970275171254,269,3,89.954,7745.002188598477
4474,,,,2359.0,3588.243491828861,-2104.970275171254,270,3,89.942,7746.12781447283
4475,,,,2357.0,3589.243491828861,-2103.970275171254,271,3,89.93,7747.252864338009
4476,,,,2354.0,3590.243491828861,-2102.970275171254,272,3,89.917,8394.028776577665
4477,,,,2351.0,3591.243491828861,-2101.970275171254,273,3,89.905,7749.4150462520865
4478,,,,2348.0,3592.243491828861,-2100.970275171254,274,3,89.892,8396.369840307976
4479,,,,2345.0,3593.243491828861,-2099.970275171254,275,3,89.879,8397.492684998559
4480,,,,2344.0,3594.243491828861,-2098.970275171254,276,3,89.866,8398.6148537075
4481,,,,2342.0,3595.243491828861,-2097.970275171254,277,3,89.852,9045.81957810027
4482,,,,2339.0,3596.243491828861,-2096.970275171254,278,3,89.839,8400.763660776238
4483,,,,2336.0,3597.243491828861,-2095.970275171254,279,3,89.826,8401.883775475999
4484,,,,2332.0,3598.243491828861,-2094.970275171254,280,3,89.813,8403.003214166576
4485,,,,2330.0,3599.243491828861,-2093.970275171254,281,3,89.798,9696.95584216347
4486,,,,2328.0,3600.243491828861,-2092.970275171254,282,3,89.785,8405.052850913711
4487,,,,2327.0,3601.243491828861,-2091.970275171254,283,3,89.771,9052.748269860802
4488,,,,2327.0,3602.243491828861,-2090.970275171254,284,3,89.758,8407.193233982449
4489,,,,2325.0,3603.243491828861,-2089.970275171254,285,3,89.744,9055.051785780977
4490,,,,2323.0,3604.243491828861,-2088.970275171254,286,3,89.732,7762.502459274014
4491,,,,2320.0,3605.243491828861,-2087.970275171254,287,3,89.719,8410.539148081734
4492,,,,2318.0,3606.243491828861,-2086.970275171254,288,3,89.707,7764.646137178916
4493,,,,2318.0,3607.243491828861,-2085.970275171254,289,3,89.695,7765.760363053269
4494,,,,2316.0,3608.243491828861,-2084.970275171254,290,3,89.683,7766.874012918425
4495,,,,2314.0,3609.243491828861,-2083.970275171254,291,3,89.671,7767.987086801977
4496,,,,2311.0,3610.243491828861,-2082.970275171254,292,3,89.659,7769.099584676331
4497,,,,2309.0,3611.243491828861,-2081.970275171254,293,3,89.646,8417.682185934247
4498,,,,2308.0,3612.243491828861,-2080.970275171254,294,3,89.633,8418.792212634009
4499,,,,2307.0,3613.243491828861,-2079.970275171254,295,3,89.621,7772.260186611782
4500,,,,2306.0,3614.243491828861,-2078.970275171254,296,3,89.609,7773.370332486135
4501,,,,2306.0,3615.243491828861,-2077.970275171254,297,3,89.599,6478.805556830773
4502,,,,2305.0,3616.243491828861,-2076.970275171254,298,3,89.588,7127.822048280128
4503,,,,2303.0,3617.243491828861,-2075.970275171254,299,3,89.577,7128.917732345896
4504,,,,2300.0,3618.243491828861,-2074.970275171254,300,3,89.565,7778.1525073587645
4505,,,,2298.0,3619.243491828861,-2073.970275171254,301,3,89.554,7131.02802513903
4506,,,,2296.0,3620.243491828861,-2072.970275171254,302,3,89.543,7132.122235214008
4507,,,,2294.0,3621.243491828861,-2071.970275171254,303,3,89.529,9078.486403969377
4508,,,,2292.0,3622.243491828861,-2070.970275171254,304,3,89.517,7782.578498856177
4509,,,,2290.0,3623.243491828861,-2069.970275171254,305,3,89.505,7783.683556730531
4510,,,,2288.0,3624.243491828861,-2068.970275171254,306,3,89.495,6487.39585036776
4511,,,,2286.0,3625.243491828861,-2067.970275171254,307,3,89.486,5839.647348699414
4512,,,,2282.0,3626.243491828861,-2066.970275171254,308,3,89.474,7787.43042357261
4513,,,,2279.0,3627.243491828861,-2065.970275171254,309,3,89.464,6490.516959412048
4514,,,,2275.0,3628.243491828861,-2064.970275171254,310,3,89.452,7789.809751008925
4515,,,,2273.0,3629.243491828861,-2063.970275171254,311,3,89.44,7790.911520883278
4516,,,,2270.0,3630.243491828861,-2062.970275171254,312,3,89.427,8441.299914482555
4517,,,,2267.0,3631.243491828861,-2061.970275171254,313,3,89.416,7143.647277907062
4518,,,,2265.0,3632.243491828861,-2060.970275171254,314,3,89.402,9093.147234103213
4519,,,,2263.0,3633.243491828861,-2059.970275171254,315,3,89.39,7795.138444693084
4520,,,,2261.0,3634.243491828861,-2058.970275171254,316,3,89.376,9095.508408841162
4521,,,,2257.0,3635.243491828861,-2057.970275171254,317,3,89.364,7797.161060754183
4522,,,,2253.0,3636.243491828861,-2056.970275171254,318,3,89.351,8448.066323351932
4523,,,,2250.0,3637.243491828861,-2055.970275171254,319,3,89.336,9748.921917366724
4524,,,,2247.0,3638.243491828861,-2054.970275171254,320,3,89.324,7800.102987002027
4525,,,,2245.0,3639.243491828861,-2053.970275171254,321,3,89.311,8451.251395111192
4526,,,,2243.0,3640.243491828861,-2052.970275171254,322,3,89.299,7802.20668090693
4527,,,,2239.0,3641.243491828861,-2051.970275171254,323,3,89.287,7803.3013227812835
4528,,,,2236.0,3642.243491828861,-2050.970275171254,324,3,89.276,7154.069170952239
4529,,,,2233.0,3643.243491828861,-2049.970275171254,325,3,89.263,8455.993647233387
4530,,,,2230.0,3644.243491828861,-2048.970275171254,326,3,89.252,7156.073396388555
4531,,,,2227.0,3645.243491828861,-2047.970275171254,327,3,89.24,7807.7616161225
4532,,,,2224.0,3646.243491828861,-2046.970275171254,328,3,89.227,8459.543784325033
4533,,,,2221.0,3647.243491828861,-2045.970275171254,329,3,89.215,7809.857078027403
4534,,,,2218.0,3648.243491828861,-2044.970275171254,330,3,89.201,9112.670151740444
4535,,,,2216.0,3649.243491828861,-2043.970275171254,331,3,89.188,8462.803664424317
4536,,,,2214.0,3650.243491828861,-2042.970275171254,332,3,89.176,7812.864362119051
4537,,,,2211.0,3651.243491828861,-2041.970275171254,333,3,89.164,7813.953171993405
4538,,,,2209.0,3652.243491828861,-2040.970275171254,334,3,89.152,7815.041405867758
4539,,,,2205.0,3653.243491828861,-2039.970275171254,335,3,89.139,8467.425660224979
4540,,,,2204.0,3654.243491828861,-2038.970275171254,336,3,89.13,5862.944997403774
4541,,,,2202.0,3655.243491828861,-2037.970275171254,337,3,89.118,7818.478103178425
4542,,,,2200.0,3656.243491828861,-2036.970275171254,338,3,89.103,9774.29057035884
4543,,,,2197.0,3657.243491828861,-2035.970275171254,339,3,89.093,6517.06161269343
4544,,,,2193.0,3658.243491828861,-2034.970275171254,340,3,89.081,7821.646510957682
4545,,,,2191.0,3659.243491828861,-2033.970275171254,341,3,89.07,7170.876760447285
4546,,,,2189.0,3660.243491828861,-2032.970275171254,342,3,89.056,9127.783451154364
4547,,,,2187.0,3661.243491828861,-2031.970275171254,343,3,89.046,6520.747883811107
4548,,,,2184.0,3662.243491828861,-2030.970275171254,344,3,89.037,5869.649769798454
4549,,,,2179.0,3663.243491828861,-2029.970275171254,345,3,89.028,5870.659071352778
4550,,,,2176.0,3664.243491828861,-2028.970275171254,346,3,89.021,4566.904226339721
4551,,,,2172.0,3665.243491828861,-2027.970275171254,347,3,89.012,5872.808651227131
4552,,,,2169.0,3666.243491828861,-2026.970275171254,348,3,89.004,5221.200011528358
4553,,,,2165.0,3667.243491828861,-2025.970275171254,349,3,88.996,5222.15473237068
4554,,,,2161.0,3668.243491828861,-2024.970275171254,350,3,88.986,6528.813131620906
4555,,,,2157.0,3669.243491828861,-2023.970275171254,351,3,88.976,6529.859102931819
4556,,,,2154.0,3670.243491828861,-2022.970275171254,352,3,88.968,5224.782463277063
4557,,,,2149.0,3671.243491828861,-2021.970275171254,353,3,88.957,7185.265981126611
4558,,,,2145.0,3672.243491828861,-2020.970275171254,354,3,88.948,5879.794305724544
4559,,,,2141.0,3673.243491828861,-2019.970275171254,355,3,88.937,7187.564103980923
4560,,,,2139.0,3674.243491828861,-2018.970275171254,356,3,88.928,5881.673868067486
4561,,,,2138.0,3675.243491828861,-2017.970275171254,357,3,88.917,7189.860466844518
4562,,,,2135.0,3676.243491828861,-2016.970275171254,358,3,88.91,4576.147459953426
4563,,,,2131.0,3677.243491828861,-2015.970275171254,359,3,88.903,4577.031879081936
4564,,,,2126.0,3678.243491828861,-2014.970275171254,360,3,88.895,5231.874690887897
4565,,,,2123.0,3679.243491828861,-2013.970275171254,361,3,88.886,5886.896284987663
4566,,,,2119.0,3680.243491828861,-2012.970275171254,362,3,88.878,5233.718432648824
4567,,,,2116.0,3681.243491828861,-2011.970275171254,363,3,88.869,5888.969882479164
4568,,,,2113.0,3682.243491828861,-2010.970275171254,364,3,88.859,6544.377713160946
4569,,,,2109.0,3683.243491828861,-2009.970275171254,365,3,88.851,5236.3936074603525
4570,,,,2106.0,3684.243491828861,-2008.970275171254,366,3,88.841,6546.6059455038885
4571,,,,2104.0,3685.243491828861,-2007.970275171254,367,3,88.831,6547.645816796218
4572,,,,2102.0,3686.243491828861,-2006.970275171254,368,3,88.822,5893.849935485077
4573,,,,2100.0,3687.243491828861,-2005.970275171254,369,3,88.813,5894.851479039401
4574,,,,2097.0,3688.243491828861,-2004.970275171254,370,3,88.805,5240.787460250364
4575,,,,2095.0,3689.243491828861,-2003.970275171254,371,3,88.796,5896.920000530901
4576,,,,2092.0,3690.243491828861,-2002.970275171254,372,3,88.786,6553.208197662881
4577,,,,2088.0,3691.243491828861,-2001.970275171254,373,3,88.778,5243.455675061893
4578,,,,2085.0,3692.243491828861,-2000.970275171254,374,3,88.772,3933.346991845435
4579,,,,2080.0,3693.243491828861,-1999.970275171254,375,3,88.763,5901.119849896755
4580,,,,2077.0,3694.243491828861,-1998.970275171254,376,3,88.755,5246.357729466217
4581,,,,2073.0,3695.243491828861,-1997.970275171254,377,3,88.746,5903.184735388255
4582,,,,2069.0,3696.243491828861,-1996.970275171254,378,3,88.737,5904.183452942579
4583,,,,2065.0,3697.243491828861,-1995.970275171254,379,3,88.729,5249.080108164296
4584,,,,2060.0,3698.243491828861,-1994.970275171254,380,3,88.719,6562.459111383834
4585,,,,2058.0,3699.243491828861,-1993.970275171254,381,3,88.709,6563.493742676142
4586,,,,2055.0,3700.243491828861,-1992.970275171254,382,3,88.7,5908.108478777021
4587,,,,2052.0,3701.243491828861,-1991.970275171254,383,3,88.691,5909.1055583313455
4588,,,,2049.0,3702.243491828861,-1990.970275171254,384,3,88.683,5253.453896954307
4589,,,,2046.0,3703.243491828861,-1989.970275171254,385,3,88.675,5254.3988737966865
4590,,,,2043.0,3704.243491828861,-1988.970275171254,386,3,88.668,4598.451574993791
4591,,,,2038.0,3705.243491828861,-1987.970275171254,387,3,88.659,5913.357414080052
4592,,,,2033.0,3706.243491828861,-1986.970275171254,388,3,88.649,6571.466210495279
4593,,,,2028.0,3707.243491828861,-1985.970275171254,389,3,88.641,5258.057589327796
4594,,,,2024.0,3708.243491828861,-1984.970275171254,390,3,88.63,7231.004352446435
4595,,,,2021.0,3709.243491828861,-1983.970275171254,391,3,88.62,6574.634089260677
4596,,,,2018.0,3710.243491828861,-1982.970275171254,392,3,88.612,5260.59099635693
4597,,,,2014.0,3711.243491828861,-1981.970275171254,393,3,88.603,5919.192138640288
4598,,,,2011.0,3712.243491828861,-1980.970275171254,394,3,88.594,5920.185690194612
4599,,,,2007.0,3713.243491828861,-1979.970275171254,395,3,88.585,5921.178917748935
4600,,,,2004.0,3714.243491828861,-1978.970275171254,396,3,88.577,5264.182443992159
4601,,,,2000.0,3715.243491828861,-1977.970275171254,397,3,88.571,3948.887724543144
4602,,,,1995.0,3716.243491828861,-1976.970275171254,398,3,88.563,5266.184597449989
4603,,,,1992.0,3717.243491828861,-1975.970275171254,399,3,88.551,7900.510365741622
4604,,,,1990.0,3718.243491828861,-1974.970275171254,400,3,88.542,5926.2740522862605
4605,,,,1988.0,3719.243491828861,-1973.970275171254,401,3,88.536,3951.577194276576
4606,,,,1986.0,3720.243491828861,-1972.970275171254,402,3,88.53,3952.3718047451644
4607,,,,1983.0,3721.243491828861,-1971.970275171254,403,3,88.523,4612.001267714722
4608,,,,1980.0,3722.243491828861,-1970.970275171254,404,3,88.514,5930.773389566379
4609,,,,1977.0,3723.243491828861,-1969.970275171254,405,3,88.507,4613.646003163188
4610,,,,1976.0,3724.243491828861,-1968.970275171254,406,3,88.497,6592.05995028013
4611,,,,1974.0,3725.243491828861,-1967.970275171254,407,3,88.49,4615.2376892215
4612,,,,1971.0,3726.243491828861,-1966.970275171254,408,3,88.481,5934.933332932233
4613,,,,1968.0,3727.243491828861,-1965.970275171254,409,3,88.472,5935.9222584865565
4614,,,,1964.0,3728.243491828861,-1964.970275171254,410,3,88.465,4617.649530989987
4615,,,,1962.0,3729.243491828861,-1963.970275171254,411,3,88.458,4618.522624137164
4616,,,,1959.0,3730.243491828861,-1962.970275171254,412,3,88.451,4619.395521274964
4617,,,,1957.0,3731.243491828861,-1961.970275171254,413,3,88.444,4620.268222403386
4618,,,,1954.0,3732.243491828861,-1960.970275171254,414,3,88.438,3961.000159930186
4619,,,,1950.0,3733.243491828861,-1959.970275171254,415,3,88.432,3961.792658398774
4620,,,,1946.0,3734.243491828861,-1958.970275171254,416,3,88.426,3962.5850128673624
4621,,,,1942.0,3735.243491828861,-1957.970275171254,417,3,88.418,5284.443200548936
4622,,,,1937.0,3736.243491828861,-1956.970275171254,418,3,88.408,6606.6499168646815
4623,,,,1935.0,3737.243491828861,-1955.970275171254,419,3,88.397,7268.396691297965
4624,,,,1933.0,3738.243491828861,-1954.970275171254,420,3,88.391,3965.2595426007942
4625,,,,1931.0,3739.243491828861,-1953.970275171254,421,3,88.382,5948.975608029795
4626,,,,1929.0,3740.243491828861,-1952.970275171254,422,3,88.374,5288.883829140081
4627,,,,1927.0,3741.243491828861,-1951.970275171254,423,3,88.37,2644.9693588730365
4628,,,,1926.0,3742.243491828861,-1950.970275171254,424,3,88.364,3968.289967709442
4629,,,,1922.0,3743.243491828861,-1949.970275171254,425,3,88.363,661.5321925835979
4631,,,,1915.0,3745.243491828861,-1947.970275171254,427,3,88.359,2647.4676814551553
4632,,,,1911.0,3746.243491828861,-1946.970275171254,428,3,88.356,1986.0522559756866
4633,,,,1907.0,3747.243491828861,-1945.970275171254,429,3,88.355,662.1791446783214
4634,,,,1908.0,3748.243491828861,-1944.970275171254,430,3,88.353,1324.6892219145138
4636,,,,1909.0,3750.243491828861,-1942.970275171254,432,3,88.351,1325.3660519571652
4638,,,,1909.0,3752.243491828861,-1940.970275171254,434,3,88.348,1989.053018288079
4639,,,,1909.0,3753.243491828861,-1939.970275171254,435,3,88.346,1326.3512110873264
4640,,,,1909.0,3754.243491828861,-1938.970275171254,436,3,88.345,663.3410368179007
4641,,,,1907.0,3755.243491828861,-1937.970275171254,437,3,88.338,4644.413801070909
4642,,,,1906.0,3756.243491828861,-1936.970275171254,438,3,88.331,4645.28247019928
4643,,,,1907.0,3757.243491828861,-1935.970275171254,439,3,88.327,2654.988483121256
4644,,,,1909.0,3758.243491828861,-1934.970275171254,440,3,88.323,2655.5748513295184
4645,,,,1910.0,3759.243491828861,-1933.970275171254,441,3,88.317,3984.1966223800505
4646,,,,1910.0,3760.243491828861,-1932.970275171254,442,3,88.309,5313.25413589917
4647,,,,1910.0,3761.243491828861,-1931.970275171254,443,3,88.302,4649.938820341592
4648,,,,1909.0,3762.243491828861,-1930.970275171254,444,3,88.293,5979.540504955886
4649,,,,1907.0,3763.243491828861,-1929.970275171254,445,3,88.284,5980.52021451021
4650,,,,1906.0,3764.243491828861,-1928.970275171254,446,3,88.272,7975.1972873203395
4651,,,,1905.0,3765.243491828861,-1927.970275171254,447,3,88.26,7976.231569194692
4652,,,,1905.0,3766.243491828861,-1926.970275171254,448,3,88.247,8641.988420162554
4653,,,,1906.0,3767.243491828861,-1925.970275171254,449,3,88.233,9307.803840128607
4654,,,,1909.0,3768.243491828861,-1924.970275171254,450,3,88.223,6649.291735944937
4655,,,,1910.0,3769.243491828861,-1923.970275171254,451,3,88.217,3990.2719301898564
4656,,,,1911.0,3770.243491828861,-1922.970275171254,452,3,88.203,9312.048995595469
4657,,,,1911.0,3771.243491828861,-1921.970275171254,453,3,88.197,3991.4841117518176
4658,,,,1908.0,3772.243491828861,-1920.970275171254,454,3,88.188,5988.30451475633
4659,,,,1906.0,3773.243491828861,-1919.970275171254,455,3,88.175,8650.987045345853
4660,,,,1906.0,3774.243491828861,-1918.970275171254,456,3,88.16,9982.968391975011
4661,,,,1907.0,3775.243491828861,-1917.970275171254,457,3,88.151,5990.552597590771
4662,,,,1908.0,3776.243491828861,-1916.970275171254,458,3,88.145,3994.4197358129163
4663,,,,1911.0,3777.243491828861,-1915.970275171254,459,3,88.142,1997.636770332179
4687,,,,1926.0,3801.243491828861,-1891.970275171254,483,3,88.141,670.0946064637441
4688,,,,1927.0,3802.243491828861,-1890.970275171254,484,3,88.134,4691.68330065828
4689,,,,1930.0,3803.243491828861,-1889.970275171254,485,3,88.13,2681.4996433781666
4690,,,,1931.0,3804.243491828861,-1888.970275171254,486,3,88.122,5364.04419137159
4691,,,,1933.0,3805.243491828861,-1887.970275171254,487,3,88.113,6035.553781042362
5474,,,,2644.0,4588.243491828861,-1104.970275171254,1270,3,88.105,6468.248733141201
5475,,,,2639.0,4589.243491828861,-1103.970275171254,1271,3,88.088,13746.073835456824
5476,,,,2634.0,4590.243491828861,-1102.970275171254,1272,3,88.071,13746.415955707054
5477,,,,2632.0,4591.243491828861,-1101.970275171254,1273,3,88.052,15363.847972709036
5478,,,,2629.0,4592.243491828861,-1100.970275171254,1274,3,88.035,13746.784455684548
5479,,,,2627.0,4593.243491828861,-1099.970275171254,1275,3,88.018,13747.12303993478
5480,,,,2625.0,4594.243491828861,-1098.970275171254,1276,3,88.003,12130.250005128579
5481,,,,2621.0,4595.243491828861,-1097.970275171254,1277,3,87.987,12939.4704340357
5482,,,,2617.0,4596.243491828861,-1096.970275171254,1278,3,87.971,12939.93299735639
5483,,,,2613.0,4597.243491828861,-1095.970275171254,1279,3,87.954,13749.091042108053
5484,,,,2609.0,4598.243491828861,-1094.970275171254,1280,3,87.937,13749.423982358283
5485,,,,2606.0,4599.243491828861,-1093.970275171254,1281,3,87.919,14558.482142983563
5486,,,,2604.0,4600.243491828861,-1092.970275171254,1282,3,87.901,14558.666593200856
5487,,,,2601.0,4601.243491828861,-1091.970275171254,1283,3,87.882,15367.58730975182
5488,,,,2597.0,4602.243491828861,-1090.970275171254,1284,3,87.865,13750.11827830178
5489,,,,2592.0,4603.243491828861,-1089.970275171254,1285,3,87.846,15367.969826654999
5490,,,,2589.0,4604.243491828861,-1088.970275171254,1286,3,87.829,13750.458082267782
5491,,,,2585.0,4605.243491828861,-1087.970275171254,1287,3,87.81,15368.346871558175
5492,,,,2582.0,4606.243491828861,-1086.970275171254,1288,3,87.791,15368.35830476857
5493,,,,2580.0,4607.243491828861,-1085.970275171254,1289,3,87.771,16177.137638245951
5494,,,,2577.0,4608.243491828861,-1084.970275171254,1290,3,87.752,15368.20172591368
5495,,,,2575.0,4609.243491828861,-1083.970275171254,1291,3,87.735,13750.659315056402
5496,,,,2571.0,4610.243491828861,-1082.970275171254,1292,3,87.717,14559.775940310983
5497,,,,2566.0,4611.243491828861,-1081.970275171254,1293,3,87.699,14559.945990528278
5498,,,,2563.0,4612.243491828861,-1080.970275171254,1294,3,87.682,13751.297889284126
5499,,,,2560.0,4613.243491828861,-1079.970275171254,1295,3,87.664,14560.448279728575
5500,,,,2558.0,4614.243491828861,-1078.970275171254,1296,3,87.647,13751.76989352885
5501,,,,2556.0,4615.243491828861,-1077.970275171254,1297,3,87.631,12943.210380176788
5502,,,,2553.0,4616.243491828861,-1076.970275171254,1298,3,87.615,12943.651311508971
5503,,,,2549.0,4617.243491828861,-1075.970275171254,1299,3,87.598,13753.018426871462
5504,,,,2544.0,4618.243491828861,-1074.970275171254,1300,3,87.581,13753.327703133185
5505,,,,2541.0,4619.243491828861,-1073.970275171254,1301,3,87.565,12944.672329922047
5506,,,,2540.0,4620.243491828861,-1072.970275171254,1302,3,87.55,12136.109086074624
5507,,,,2539.0,4621.243491828861,-1071.970275171254,1303,3,87.534,12945.692728366654
5508,,,,2537.0,4622.243491828861,-1070.970275171254,1304,3,87.52,11327.990971068626
5509,,,,2534.0,4623.243491828861,-1069.970275171254,1305,3,87.507,10519.501702369023
5510,,,,2531.0,4624.243491828861,-1068.970275171254,1306,3,87.491,12947.733801333396
5511,,,,2527.0,4625.243491828861,-1067.970275171254,1307,3,87.477,11329.774445892966
5512,,,,2525.0,4626.243491828861,-1066.970275171254,1308,3,87.461,12948.892543581242
5513,,,,2524.0,4627.243491828861,-1065.970275171254,1309,3,87.446,12140.059161380119
5514,,,,2523.0,4628.243491828861,-1064.970275171254,1310,3,87.429,13759.189370767412
5515,,,,2522.0,4629.243491828861,-1063.970275171254,1311,3,87.414,12140.862297627964
5516,,,,2520.0,4630.243491828861,-1062.970275171254,1312,3,87.398,12950.754004701714
5517,,,,2518.0,4631.243491828861,-1061.970275171254,1313,3,87.386,9713.607149710155
5518,,,,2516.0,4632.243491828861,-1060.970275171254,1314,3,87.37,12952.197498521533
5519,,,,2513.0,4633.243491828861,-1059.970275171254,1315,3,87.355,12143.152036647427
5520,,,,2511.0,4634.243491828861,-1058.970275171254,1316,3,87.342,10524.64965880058
5521,,,,2509.0,4635.243491828861,-1057.970275171254,1317,3,87.327,12144.500182114289
5522,,,,2507.0,4636.243491828861,-1056.970275171254,1318,3,87.313,11335.429887778486
5523,,,,2504.0,4637.243491828861,-1055.970275171254,1319,3,87.298,12145.7058502764
5524,,,,2500.0,4638.243491828861,-1054.970275171254,1320,3,87.285,10526.860025945689
5525,,,,2498.0,4639.243491828861,-1053.970275171254,1321,3,87.269,12956.77613555594
5526,,,,2494.0,4640.243491828861,-1052.970275171254,1322,3,87.254,12147.438223867186
5527,,,,2492.0,4641.243491828861,-1051.970275171254,1323,3,87.239,12147.967509295862
5528,,,,2490.0,4642.243491828861,-1050.970275171254,1324,3,87.224,12148.49589472454
5529,,,,2488.0,4643.243491828861,-1049.970275171254,1325,3,87.209,12149.023380153216
5530,,,,2487.0,4644.243491828861,-1048.970275171254,1326,3,87.196,10529.730720505599
5531,,,,2485.0,4645.243491828861,-1047.970275171254,1327,3,87.181,12150.35436562008
5532,,,,2483.0,4646.243491828861,-1046.970275171254,1328,3,87.167,11340.885644383889
5533,,,,2481.0,4647.243491828861,-1045.970275171254,1329,3,87.155,9721.401359791456
5534,,,,2478.0,4648.243491828861,-1044.970275171254,1330,3,87.143,9722.15452966581
5535,,,,2477.0,4649.243491828861,-1043.970275171254,1331,3,87.129,11343.261465308582
5536,,,,2476.0,4650.243491828861,-1042.970275171254,1332,3,87.116,10533.661804042596
5537,,,,2472.0,4651.243491828861,-1041.970275171254,1333,3,87.1,12965.136578763639
5538,,,,2469.0,4652.243491828861,-1040.970275171254,1334,3,87.086,11344.979588144419
5539,,,,2465.0,4653.243491828861,-1039.970275171254,1335,3,87.073,10535.255032818732
5540,,,,2464.0,4654.243491828861,-1038.970275171254,1336,3,87.059,11346.338188064596
5541,,,,2462.0,4655.243491828861,-1037.970275171254,1337,3,87.044,12157.377864868662
5542,,,,2461.0,4656.243491828861,-1036.970275171254,1338,3,87.03,11347.43301434923
5543,,,,2461.0,4657.243491828861,-1035.970275171254,1339,3,87.016,11348.044410900433
5544,,,,2462.0,4658.243491828861,-1034.970275171254,1340,3,87.0,12969.742391589789
5545,,,,2463.0,4659.243491828861,-1033.970275171254,1341,3,86.987,10538.421366371003
5546,,,,2463.0,4660.243491828861,-1032.970275171254,1342,3,86.972,12160.369463926312
5547,,,,2464.0,4661.243491828861,-1031.970275171254,1343,3,86.96,9728.872836249697
5548,,,,2468.0,4662.243491828861,-1030.970275171254,1344,3,86.949,8918.867137621615
5549,,,,2471.0,4663.243491828861,-1029.970275171254,1345,3,86.941,6487.1312863493695
5550,,,,2471.0,4664.243491828861,-1028.970275171254,1346,3,86.933,6487.925383182415
5551,,,,2469.0,4665.243491828861,-1027.970275171254,1347,3,86.923,8110.805725158134
5552,,,,2464.0,4666.243491828861,-1026.970275171254,1348,3,86.916,5678.225716636319
5553,,,,2459.0,4667.243491828861,-1025.970275171254,1349,3,86.906,8112.695982359384
5554,,,,2456.0,4668.243491828861,-1024.970275171254,1350,3,86.894,9736.088626558641
5555,,,,2456.0,4669.243491828861,-1023.970275171254,1351,3,86.882,9736.829484432996
5556,,,,2456.0,4670.243491828861,-1022.970275171254,1352,3,86.87,9737.569766307348
5557,,,,2457.0,4671.243491828861,-1021.970275171254,1353,3,86.859,8926.835066519325
5558,,,,2456.0,4672.243491828861,-1020.970275171254,1354,3,86.848,8927.61540258277
5559,,,,2453.0,4673.243491828861,-1019.970275171254,1355,3,86.834,11363.21586606607
5560,,,,2454.0,4674.243491828861,-1018.970275171254,1356,3,86.822,9740.525133804762
5561,,,,2456.0,4675.243491828861,-1017.970275171254,1357,3,86.808,11364.675384804017
5562,,,,2460.0,4676.243491828861,-1016.970275171254,1358,3,86.794,11365.273117366756
5563,,,,2463.0,4677.243491828861,-1015.970275171254,1359,3,86.781,10554.083008217238
5564,,,,2464.0,4678.243491828861,-1014.970275171254,1360,3,86.768,10554.758236928537
5565,,,,2463.0,4679.243491828861,-1013.970275171254,1361,3,86.758,8119.704061635103
5566,,,,2460.0,4680.243491828861,-1012.970275171254,1362,3,86.748,8120.503272925198
5567,,,,2456.0,4681.243491828861,-1011.970275171254,1363,3,86.737,8933.380798987262
5568,,,,2453.0,4682.243491828861,-1010.970275171254,1364,3,86.723,11370.547385293463
5569,,,,2452.0,4683.243491828861,-1009.970275171254,1365,3,86.708,12183.294030471028
5570,,,,2452.0,4684.243491828861,-1008.970275171254,1366,3,86.694,11371.600659578098
5571,,,,2453.0,4685.243491828861,-1007.970275171254,1367,3,86.681,10559.953175150022
5572,,,,2453.0,4686.243491828861,-1006.970275171254,1368,3,86.668,10560.62309983824
5573,,,,2452.0,4687.243491828861,-1005.970275171254,1369,3,86.657,8936.581260441646
5574,,,,2448.0,4688.243491828861,-1004.970275171254,1370,3,86.644,10562.204709899337
5575,,,,2445.0,4689.243491828861,-1003.970275171254,1371,3,86.632,9750.400263482023
5576,,,,2443.0,4690.243491828861,-1002.970275171254,1372,3,86.618,11376.185589439032
5577,,,,2441.0,4691.243491828861,-1001.970275171254,1373,3,86.605,10564.206527998622
5578,,,,2440.0,4692.243491828861,-1000.970275171254,1374,3,86.59,12190.096673509956
5579,,,,2439.0,4693.243491828861,-999.970275171254,1375,3,86.576,11377.942835092641
5580,,,,2439.0,4694.243491828861,-998.970275171254,1376,3,86.562,11378.527015632295
5581,,,,2440.0,4695.243491828861,-997.970275171254,1377,3,86.549,10566.377849474518
5582,,,,2439.0,4696.243491828861,-996.970275171254,1378,3,86.536,10567.04096218583
5583,,,,2438.0,4697.243491828861,-995.970275171254,1379,3,86.524,9754.859504351201
5584,,,,2435.0,4698.243491828861,-994.970275171254,1380,3,86.511,10568.487313916141
5585,,,,2434.0,4699.243491828861,-993.970275171254,1381,3,86.497,11382.094052477165
5586,,,,2432.0,4700.243491828861,-992.970275171254,1382,3,86.484,10569.686652984878
5587,,,,2432.0,4701.243491828861,-991.970275171254,1383,3,86.469,12196.412484634617
5588,,,,2430.0,4702.243491828861,-990.970275171254,1384,3,86.456,10570.760925711273
5589,,,,2427.0,4703.243491828861,-989.970275171254,1385,3,86.444,9758.289596846891
5590,,,,2425.0,4704.243491828861,-988.970275171254,1386,3,86.431,10572.199217453139
5591,,,,2424.0,4705.243491828861,-987.970275171254,1387,3,86.418,10572.856220141344
5592,,,,2424.0,4706.243491828861,-986.970275171254,1388,3,86.406,9760.221902782343
5593,,,,2423.0,4707.243491828861,-985.970275171254,1389,3,86.394,9760.940104656696
5594,,,,2419.0,4708.243491828861,-984.970275171254,1390,3,86.381,10575.068000913763
5595,,,,2417.0,4709.243491828861,-983.970275171254,1391,3,86.369,9762.261758561599
5596,,,,2415.0,4710.243491828861,-982.970275171254,1392,3,86.357,9762.978208435952
5597,,,,2414.0,4711.243491828861,-981.970275171254,1393,3,86.343,11390.844514540398
5598,,,,2414.0,4712.243491828861,-980.970275171254,1394,3,86.332,8950.553094475083
5599,,,,2413.0,4713.243491828861,-979.970275171254,1395,3,86.321,8951.311914538495
5600,,,,2412.0,4714.243491828861,-978.970275171254,1396,3,86.31,8952.070250613473
5601,,,,2412.0,4715.243491828861,-977.970275171254,1397,3,86.3,8138.98179124996
5602,,,,2410.0,4716.243491828861,-976.970275171254,1398,3,86.289,8953.689228120247
5603,,,,2407.0,4717.243491828861,-975.970275171254,1399,3,86.277,9768.43008493164
5604,,,,2405.0,4718.243491828861,-974.970275171254,1400,3,86.267,8141.046050545355
5605,,,,2404.0,4719.243491828861,-973.970275171254,1401,3,86.257,8141.827641835419
5606,,,,2403.0,4720.243491828861,-972.970275171254,1402,3,86.248,7328.390432021717
5607,,,,2402.0,4721.243491828861,-971.970275171254,1403,3,86.237,8957.780520577166
5608,,,,2400.0,4722.243491828861,-970.970275171254,1404,3,86.231,4886.615343292625
5609,,,,2399.0,4723.243491828861,-969.970275171254,1405,3,86.224,5701.828694675923
5610,,,,2398.0,4724.243491828861,-968.970275171254,1406,3,86.216,6517.188381855715
5611,,,,2396.0,4725.243491828861,-967.970275171254,1407,3,86.208,6517.963070677183
5612,,,,2392.0,4726.243491828861,-966.970275171254,1408,3,86.197,8963.108101292783
5613,,,,2388.0,4727.243491828861,-965.970275171254,1409,3,86.189,6519.284772667247
5614,,,,2385.0,4728.243491828861,-964.970275171254,1410,3,86.18,7335.023421976136
5615,,,,2384.0,4729.243491828861,-963.970275171254,1411,3,86.169,8965.884252313397
5616,,,,2381.0,4730.243491828861,-962.970275171254,1412,3,86.161,6521.302887571326
5617,,,,2378.0,4731.243491828861,-961.970275171254,1413,3,86.15,8967.698270522229
5618,,,,2375.0,4732.243491828861,-960.970275171254,1414,3,86.14,8153.1823120761155
5619,,,,2373.0,4733.243491828861,-959.970275171254,1415,3,86.129,8969.302354029003
5620,,,,2371.0,4734.243491828861,-958.970275171254,1416,3,86.119,8154.639729809548
5621,,,,2369.0,4735.243491828861,-957.970275171254,1417,3,86.109,8155.415161111183
5622,,,,2367.0,4736.243491828861,-956.970275171254,1418,3,86.098,8971.757112967574
5623,,,,2365.0,4737.243491828861,-955.970275171254,1419,3,86.088,8156.870078844615
5624,,,,2361.0,4738.243491828861,-954.970275171254,1420,3,86.077,8973.356598474349
5625,,,,2359.0,4739.243491828861,-953.970275171254,1421,3,86.066,8974.103516549327
5626,,,,2355.0,4740.243491828861,-952.970275171254,1422,3,86.056,8159.001903009846
5627,,,,2353.0,4741.243491828861,-951.970275171254,1423,3,86.045,8975.700208056101
5628,,,,2350.0,4742.243491828861,-950.970275171254,1424,3,86.035,8160.452600743279
5629,,,,2346.0,4743.243491828861,-949.970275171254,1425,3,86.024,8977.295051562876
5630,,,,2344.0,4744.243491828861,-948.970275171254,1426,3,86.013,8978.039593637854
5631,,,,2340.0,4745.243491828861,-947.970275171254,1427,3,86.002,8978.78365172443
5632,,,,2337.0,4746.243491828861,-946.970275171254,1428,3,85.99,9795.790927759925
5633,,,,2334.0,4747.243491828861,-945.970275171254,1429,3,85.978,9796.487625634278
5634,,,,2329.0,4748.243491828861,-944.970275171254,1430,3,85.966,9797.18374750863
5635,,,,2327.0,4749.243491828861,-943.970275171254,1431,3,85.954,9797.879293382985
5636,,,,2323.0,4750.243491828861,-942.970275171254,1432,3,85.942,9798.574263257336
5637,,,,2320.0,4751.243491828861,-941.970275171254,1433,3,85.931,8982.715199378592
5638,,,,2317.0,4752.243491828861,-940.970275171254,1434,3,85.919,9800.076528849848
5639,,,,2313.0,4753.243491828861,-939.970275171254,1435,3,85.906,10617.438818778088
5640,,,,2310.0,4754.243491828861,-938.970275171254,1436,3,85.894,9801.348382754752
5641,,,,2306.0,4755.243491828861,-937.970275171254,1437,3,85.883,8985.256074262828
5642,,,,2302.0,4756.243491828861,-936.970275171254,1438,3,85.87,10619.688149869733
5643,,,,2299.0,4757.243491828861,-935.970275171254,1439,3,85.861,7352.695638857638
5644,,,,2295.0,4758.243491828861,-934.970275171254,1440,3,85.85,8987.470230487763
5645,,,,2293.0,4759.243491828861,-933.970275171254,1441,3,85.84,8171.145151113539
5646,,,,2292.0,4760.243491828861,-932.970275171254,1442,3,85.829,8989.048639994538
5647,,,,2288.0,4761.243491828861,-931.970275171254,1443,3,85.818,8989.784778057903
5648,,,,2284.0,4762.243491828861,-930.970275171254,1444,3,85.807,8990.52043213288
5649,,,,2281.0,4763.243491828861,-929.970275171254,1445,3,85.797,8173.91636172218
5650,,,,2278.0,4764.243491828861,-928.970275171254,1446,3,85.785,9809.501121780128
5651,,,,2274.0,4765.243491828861,-927.970275171254,1447,3,85.772,10627.641410452548
5652,,,,2270.0,4766.243491828861,-926.970275171254,1448,3,85.758,11445.752446155842
5653,,,,2268.0,4767.243491828861,-925.970275171254,1449,3,85.743,12263.805391382586
5654,,,,2266.0,4768.243491828861,-924.970275171254,1450,3,85.731,9811.557414214716
5655,,,,2265.0,4769.243491828861,-923.970275171254,1451,3,85.718,10629.866356590019
5656,,,,2264.0,4770.243491828861,-922.970275171254,1452,3,85.704,11448.1455179962
5657,,,,2261.0,4771.243491828861,-921.970275171254,1453,3,85.694,8177.815920117393
5658,,,,2260.0,4772.243491828861,-920.970275171254,1454,3,85.682,9814.176007868327
5659,,,,2258.0,4773.243491828861,-919.970275171254,1455,3,85.67,9814.85782574268
5660,,,,2257.0,4774.243491828861,-918.970275171254,1456,3,85.659,8997.629995323483
5661,,,,2253.0,4775.243491828861,-917.970275171254,1457,3,85.646,10634.300122784938
5662,,,,2250.0,4776.243491828861,-916.970275171254,1458,3,85.633,10634.9127174847
5663,,,,2247.0,4777.243491828861,-915.970275171254,1459,3,85.62,10635.524636172835
5664,,,,2243.0,4778.243491828861,-914.970275171254,1460,3,85.607,10636.135878884224
5665,,,,2241.0,4779.243491828861,-913.970275171254,1461,3,85.591,13091.150837030249
5666,,,,2240.0,4780.243491828861,-912.970275171254,1462,3,85.579,9818.811341956525
5667,,,,2238.0,4781.243491828861,-911.970275171254,1463,3,85.566,10637.716926310306
5668,,,,2236.0,4782.243491828861,-910.970275171254,1464,3,85.552,11456.591185683352
5669,,,,2232.0,4783.243491828861,-909.970275171254,1465,3,85.54,9820.496346048174
5670,,,,2229.0,4784.243491828861,-908.970275171254,1466,3,85.525,12276.249193946027
5671,,,,2225.0,4785.243491828861,-907.970275171254,1467,3,85.512,10639.897984459409
5672,,,,2223.0,4786.243491828861,-906.970275171254,1468,3,85.496,13095.77483281509
5673,,,,2221.0,4787.243491828861,-905.970275171254,1469,3,85.479,13914.48225225912
5674,,,,2220.0,4788.243491828861,-904.970275171254,1470,3,85.464,12277.75060835598
5675,,,,2219.0,4789.243491828861,-903.970275171254,1471,3,85.449,12278.159593784656
5676,,,,2217.0,4790.243491828861,-902.970275171254,1472,3,85.435,11460.06356400412
5677,,,,2214.0,4791.243491828861,-901.970275171254,1473,3,85.419,13097.649848851224
5678,,,,2213.0,4792.243491828861,-900.970275171254,1474,3,85.405,11460.822831470983
5679,,,,2212.0,4793.243491828861,-899.970275171254,1475,3,85.39,12279.93033280412
5680,,,,2212.0,4794.243491828861,-898.970275171254,1476,3,85.377,10643.08151880309
5681,,,,2212.0,4795.243491828861,-897.970275171254,1477,3,85.365,9824.993571382493
5682,,,,2211.0,4796.243491828861,-896.970275171254,1478,3,85.353,9825.661157256845
5683,,,,2208.0,4797.243491828861,-895.970275171254,1479,3,85.341,9826.328167131198
5684,,,,2206.0,4798.243491828861,-894.970275171254,1480,3,85.329,9826.994601005552
5685,,,,2204.0,4799.243491828861,-893.970275171254,1481,3,85.316,10646.569773613412
5686,,,,2202.0,4800.243491828861,-892.970275171254,1482,3,85.303,10647.165676324812
5687,,,,2202.0,4801.243491828861,-891.970275171254,1483,3,85.289,11466.75221660952
5688,,,,2203.0,4802.243491828861,-890.970275171254,1484,3,85.276,10648.230595393548
5689,,,,2203.0,4803.243491828861,-889.970275171254,1485,3,85.264,9829.7417411583
5690,,,,2202.0,4804.243491828861,-888.970275171254,1486,3,85.252,9830.404599032652
5691,,,,2201.0,4805.243491828861,-887.970275171254,1487,3,85.241,9011.864165172618
5692,,,,2199.0,4806.243491828861,-886.970275171254,1488,3,85.227,11470.350017907705
5693,,,,2197.0,4807.243491828861,-885.970275171254,1489,3,85.215,9832.27434281191
5694,,,,2194.0,4808.243491828861,-884.970275171254,1490,3,85.203,9832.934872686263
5695,,,,2192.0,4809.243491828861,-883.970275171254,1491,3,85.19,10652.998541945823
5696,,,,2191.0,4810.243491828861,-882.970275171254,1492,3,85.177,10653.587788633939
5697,,,,2192.0,4811.243491828861,-881.970275171254,1493,3,85.165,9834.682066621715
5698,,,,2191.0,4812.243491828861,-880.970275171254,1494,3,85.153,9835.340244496068
5699,,,,2190.0,4813.243491828861,-879.970275171254,1495,3,85.142,9016.384304859062
5700,,,,2189.0,4814.243491828861,-878.970275171254,1496,3,85.129,10656.438696756133
5701,,,,2187.0,4815.243491828861,-877.970275171254,1497,3,85.118,9017.588346295377
5702,,,,2185.0,4816.243491828861,-876.970275171254,1498,3,85.103,12297.386751339473
5703,,,,2183.0,4817.243491828861,-875.970275171254,1499,3,85.09,10658.194580855417
5704,,,,2182.0,4818.243491828861,-874.970275171254,1500,3,85.076,11478.617108435901
5705,,,,2182.0,4819.243491828861,-873.970275171254,1501,3,85.062,11479.110288975453
5706,,,,2181.0,4820.243491828861,-872.970275171254,1502,3,85.049,10659.693728293127
5707,,,,2181.0,4821.243491828861,-871.970275171254,1503,3,85.036,10660.275591004542
5708,,,,2181.0,4822.243491828861,-870.970275171254,1504,3,85.023,10660.856777704304
5709,,,,2179.0,4823.243491828861,-869.970275171254,1505,3,85.011,9841.384606675914
5710,,,,2179.0,4824.243491828861,-868.970275171254,1506,3,84.999,9842.035632550269
5711,,,,2177.0,4825.243491828861,-867.970275171254,1507,3,84.988,9022.515319897095
5712,,,,2176.0,4826.243491828861,-866.970275171254,1508,3,84.976,9843.45178614278
5713,,,,2175.0,4827.243491828861,-865.970275171254,1509,3,84.963,10664.380112857052
5714,,,,2172.0,4828.243491828861,-864.970275171254,1510,3,84.947,13125.869627138993
5715,,,,2173.0,4829.243491828861,-863.970275171254,1511,3,84.934,10665.157277264214
5716,,,,2175.0,4830.243491828861,-862.970275171254,1512,3,84.92,11486.106492851939
5717,,,,2176.0,4831.243491828861,-861.970275171254,1513,3,84.907,10666.18265033295
5718,,,,2179.0,4832.243491828861,-860.970275171254,1514,3,84.893,11487.209228772117
5719,,,,2180.0,4833.243491828861,-859.970275171254,1515,3,84.882,9026.203052074148
5720,,,,2180.0,4834.243491828861,-858.970275171254,1516,3,84.868,11488.579658339499
5721,,,,2178.0,4835.243491828861,-857.970275171254,1517,3,84.855,10668.476405120336
5722,,,,2177.0,4836.243491828861,-856.970275171254,1518,3,84.841,11489.676458259675
5723,,,,2179.0,4837.243491828861,-855.970275171254,1519,3,84.825,13131.45206854689
5724,,,,2179.0,4838.243491828861,-854.970275171254,1520,3,84.807,14772.976560107
5725,,,,2181.0,4839.243491828861,-853.970275171254,1521,3,84.789,14772.894106324295
5726,,,,2183.0,4840.243491828861,-852.970275171254,1522,3,84.773,13131.54187138815
5727,,,,2185.0,4841.243491828861,-851.970275171254,1523,3,84.759,11490.439683190774
5728,,,,2188.0,4842.243491828861,-850.970275171254,1524,3,84.742,13953.006939840865
5729,,,,2191.0,4843.243491828861,-849.970275171254,1525,3,84.728,11490.98264385153
5730,,,,2193.0,4844.243491828861,-848.970275171254,1526,3,84.712,13132.937876080436
5731,,,,2196.0,4845.243491828861,-847.970275171254,1527,3,84.698,11491.657799318395
5732,,,,2198.0,4846.243491828861,-846.970275171254,1528,3,84.684,11492.129811857933
5733,,,,2201.0,4847.243491828861,-845.970275171254,1529,3,84.67,11492.601040409136
5734,,,,2206.0,4848.243491828861,-844.970275171254,1530,3,84.658,9851.320487813142
5735,,,,2211.0,4849.243491828861,-843.970275171254,1531,3,84.646,9851.955841687495
5736,,,,2214.0,4850.243491828861,-842.970275171254,1532,3,84.634,9852.590619561848
5737,,,,2216.0,4851.243491828861,-841.970275171254,1533,3,84.622,9853.2248214362
5738,,,,2217.0,4852.243491828861,-840.970275171254,1534,3,84.609,10674.950238758263
5739,,,,2221.0,4853.243491828861,-839.970275171254,1535,3,84.595,11496.634965076293
5740,,,,2223.0,4854.243491828861,-838.970275171254,1536,3,84.58,12318.24964095268
5741,,,,2223.0,4855.243491828861,-837.970275171254,1537,3,84.567,10676.248321865187
5742,,,,2225.0,4856.243491828861,-836.970275171254,1538,3,84.553,11498.030590729903
5743,,,,2227.0,4857.243491828861,-835.970275171254,1539,3,84.539,11498.494231281105
5744,,,,2227.0,4858.243491828861,-834.970275171254,1540,3,84.524,12320.238291886408
5745,,,,2227.0,4859.243491828861,-833.970275171254,1541,3,84.509,12320.587577315084
5746,,,,2230.0,4860.243491828861,-832.970275171254,1542,3,84.493,13142.253929701366
5747,,,,2232.0,4861.243491828861,-831.970275171254,1543,3,84.477,13142.469005021878
5748,,,,2234.0,4862.243491828861,-830.970275171254,1544,3,84.461,13142.683056365735
5749,,,,2237.0,4863.243491828861,-829.970275171254,1545,3,84.449,9857.405498458129
5750,,,,2239.0,4864.243491828861,-828.970275171254,1546,3,84.434,12322.32050445847
5751,,,,2242.0,4865.243491828861,-827.970275171254,1547,3,84.419,12322.664389887146
5752,,,,2245.0,4866.243491828861,-826.970275171254,1548,3,84.404,12323.007375315823
5753,,,,2246.0,4867.243491828861,-825.970275171254,1549,3,84.389,12323.3494607445
5754,,,,2249.0,4868.243491828861,-824.970275171254,1550,3,84.373,13145.192130681071
5755,,,,2252.0,4869.243491828861,-823.970275171254,1551,3,84.36,10680.826807392166
5756,,,,2252.0,4870.243491828861,-822.970275171254,1552,3,84.348,9859.788468233935
5757,,,,2252.0,4871.243491828861,-821.970275171254,1553,3,84.337,9038.762792607116
5758,,,,2250.0,4872.243491828861,-820.970275171254,1554,3,84.326,9039.43924469377
5759,,,,2249.0,4873.243491828861,-819.970275171254,1555,3,84.317,7396.545619732731
5760,,,,2250.0,4874.243491828861,-818.970275171254,1556,3,84.307,8219.144345654024
5761,,,,2250.0,4875.243491828861,-817.970275171254,1557,3,84.296,9041.787462977485
5762,,,,2250.0,4876.243491828861,-816.970275171254,1558,3,84.286,8220.468803399137
5763,,,,2252.0,4877.243491828861,-815.970275171254,1559,3,84.276,8221.17917470077
5764,,,,2257.0,4878.243491828861,-814.970275171254,1560,3,84.263,10688.265638294093
5765,,,,2260.0,4879.243491828861,-813.970275171254,1561,3,84.251,9866.650053384958
5766,,,,2261.0,4880.243491828861,-812.970275171254,1562,3,84.242,7400.581800018763
5767,,,,2261.0,4881.243491828861,-811.970275171254,1563,3,84.234,6578.979028242914
5768,,,,2260.0,4882.243491828861,-810.970275171254,1564,3,84.226,6579.7019090642725
5769,,,,2260.0,4883.243491828861,-809.970275171254,1565,3,84.218,6580.424533897318
5770,,,,2260.0,4884.243491828861,-808.970275171254,1566,3,84.209,7403.746307384617
5771,,,,2261.0,4885.243491828861,-807.970275171254,1567,3,84.198,9049.80120802079
5772,,,,2262.0,4886.243491828861,-806.970275171254,1568,3,84.184,11518.57632297232
5773,,,,2263.0,4887.243491828861,-805.970275171254,1569,3,84.176,6582.5305142708075
5774,,,,2263.0,4888.243491828861,-804.970275171254,1570,3,84.165,9051.80977423403
5775,,,,2264.0,4889.243491828861,-803.970275171254,1571,3,84.148,13989.695077291575
5776,,,,2266.0,4890.243491828861,-802.970275171254,1572,3,84.141,5760.819308967132
5777,,,,2268.0,4891.243491828861,-801.970275171254,1573,3,84.131,8230.593248574472
5778,,,,2269.0,4892.243491828861,-800.970275171254,1574,3,84.119,9877.439610002844
5779,,,,2271.0,4893.243491828861,-799.970275171254,1575,3,84.11,7408.6691344821775
5780,,,,2272.0,4894.243491828861,-798.970275171254,1576,3,84.1,8232.60697760954
5781,,,,2275.0,4895.243491828861,-797.970275171254,1577,3,84.093,5763.4198203406195
5782,,,,2278.0,4896.243491828861,-796.970275171254,1578,3,84.086,5764.117339490121
5783,,,,2278.0,4897.243491828861,-795.970275171254,1579,3,84.076,8235.302600733461
5784,,,,2276.0,4898.243491828861,-794.970275171254,1580,3,84.069,5765.306063527362
5785,,,,2278.0,4899.243491828861,-793.970275171254,1581,3,84.058,9060.646216054261
5786,,,,2283.0,4900.243491828861,-792.970275171254,1582,3,84.047,9061.309754140944
5787,,,,2286.0,4901.243491828861,-791.970275171254,1583,3,84.038,7414.429610916767
5788,,,,2288.0,4902.243491828861,-790.970275171254,1584,3,84.031,5767.406129989707
5789,,,,2292.0,4903.243491828861,-789.970275171254,1585,3,84.023,6592.0774542145155
5790,,,,2293.0,4904.243491828861,-788.970275171254,1586,3,84.018,4120.56990304832
5791,,,,2294.0,4905.243491828861,-787.970275171254,1587,3,84.012,4945.368383592208
5792,,,,2295.0,4906.243491828861,-786.970275171254,1588,3,84.003,7418.902502516916
5793,,,,2297.0,4907.243491828861,-785.970275171254,1589,3,83.994,7419.61966407124
5794,,,,2300.0,4908.243491828861,-784.970275171254,1590,3,83.987,5771.4415500104515
5795,,,,2302.0,4909.243491828861,-783.970275171254,1591,3,83.979,6596.687938784556
5796,,,,2304.0,4910.243491828861,-782.970275171254,1592,3,83.972,5772.762132877168
5797,,,,2305.0,4911.243491828861,-781.970275171254,1593,3,83.967,4123.946603867485
5798,,,,2309.0,4912.243491828861,-780.970275171254,1594,3,83.962,4124.540686692892
5799,,,,2316.0,4913.243491828861,-779.970275171254,1595,3,83.955,5775.119751926115
5800,,,,2320.0,4914.243491828861,-778.970275171254,1596,3,83.951,3300.5238709601003
5801,,,,2323.0,4915.243491828861,-777.970275171254,1597,3,83.944,5776.7136424166465
5802,,,,2327.0,4916.243491828861,-776.970275171254,1598,3,83.935,7428.006370482918
5803,,,,2331.0,4917.243491828861,-775.970275171254,1599,3,83.924,9079.439328240343
5804,,,,2335.0,4918.243491828861,-774.970275171254,1600,3,83.913,9080.095562327051
5805,,,,2337.0,4919.243491828861,-773.970275171254,1601,3,83.903,8255.277658240013
5806,,,,2339.0,4920.243491828861,-772.970275171254,1602,3,83.899,3302.5067936675023
5807,,,,2339.0,4921.243491828861,-771.970275171254,1603,3,83.898,825.7698942023503
5836,,,,2436.0,4950.243491828861,-742.970275171254,1632,3,83.895,2491.8486186734144
5837,,,,2439.0,4951.243491828861,-741.970275171254,1633,3,83.886,7476.521258723126
5838,,,,2442.0,4952.243491828861,-740.970275171254,1634,3,83.876,8307.982726754377
5839,,,,2446.0,4953.243491828861,-739.970275171254,1635,3,83.866,8308.669698067819
5840,,,,2450.0,4954.243491828861,-738.970275171254,1636,3,83.856,8309.356269369453
5841,,,,2454.0,4955.243491828861,-737.970275171254,1637,3,83.846,8310.042440659277
5842,,,,2456.0,4956.243491828861,-736.970275171254,1638,3,83.836,8310.728211972722
5843,,,,2458.0,4957.243491828861,-735.970275171254,1639,3,83.828,6649.210182508268
5844,,,,2462.0,4958.243491828861,-734.970275171254,1640,3,83.819,7481.111820071981
5845,,,,2465.0,4959.243491828861,-733.970275171254,1641,3,83.81,7481.817245626305
5846,,,,2468.0,4960.243491828861,-732.970275171254,1642,3,83.801,7482.5223471806285
5847,,,,2472.0,4961.243491828861,-731.970275171254,1643,3,83.793,6651.797134152843
5848,,,,2476.0,4962.243491828861,-730.970275171254,1644,3,83.788,4157.888633028898
5849,,,,2483.0,4963.243491828861,-729.970275171254,1645,3,83.782,4990.144271554762
5850,,,,2487.0,4964.243491828861,-728.970275171254,1646,3,83.777,4159.018376232978
5851,,,,2491.0,4965.243491828861,-727.970275171254,1647,3,83.772,4159.607909058386
6198,,,,3114.0,5312.243491828861,-380.970275171254,1994,3,83.764,7119.936205185022
6199,,,,3109.0,5313.243491828861,-379.970275171254,1995,3,83.748,14240.512700843887
6200,,,,3107.0,5314.243491828861,-378.970275171254,1996,3,83.735,11570.590755650306
6201,,,,3105.0,5315.243491828861,-377.970275171254,1997,3,83.718,15130.908963429069
6202,,,,3107.0,5316.243491828861,-376.970275171254,1998,3,83.703,13350.762024682703
6203,,,,3108.0,5317.243491828861,-375.970275171254,1999,3,83.687,14240.854209560484
6204,,,,3109.0,5318.243491828861,-374.970275171254,2000,3,83.671,14240.80950888002
6205,,,,3109.0,5319.243491828861,-373.970275171254,2001,3,83.656,13350.795836359224
6206,,,,3110.0,5320.243491828861,-372.970275171254,2002,3,83.643,11570.92840721785
6207,,,,3109.0,5321.243491828861,-371.970275171254,2003,3,83.631,10681.268206226576
6208,,,,3109.0,5322.243491828861,-370.970275171254,2004,3,83.618,11571.818722948161
6209,,,,3107.0,5323.243491828861,-369.970275171254,2005,3,83.605,11572.193703635274
6210,,,,3105.0,5324.243491828861,-368.970275171254,2006,3,83.592,11572.568008347685
6211,,,,3101.0,5325.243491828861,-367.970275171254,2007,3,83.578,12463.093363402684
6212,,,,3097.0,5326.243491828861,-366.970275171254,2008,3,83.56,16023.918325271867
6213,,,,3095.0,5327.243491828861,-365.970275171254,2009,3,83.544,14243.259143341877
6214,,,,3094.0,5328.243491828861,-364.970275171254,2010,3,83.528,14243.20474666141
6215,,,,3093.0,5329.243491828861,-363.970275171254,2011,3,83.51,16023.351138986574
6216,,,,3092.0,5330.243491828861,-362.970275171254,2012,3,83.493,15132.833115729227
6217,,,,3090.0,5331.243491828861,-361.970275171254,2013,3,83.478,13352.445856112856
6218,,,,3089.0,5332.243491828861,-360.970275171254,2014,3,83.461,15132.709736797466
6219,,,,3088.0,5333.243491828861,-359.970275171254,2015,3,83.446,13352.335072360702
6220,,,,3087.0,5334.243491828861,-358.970275171254,2016,3,83.432,12462.350396008089
6221,,,,3085.0,5335.243491828861,-357.970275171254,2017,3,83.417,13352.70062052281
6222,,,,3083.0,5336.243491828861,-356.970275171254,2018,3,83.403,12462.689950292724
6223,,,,3081.0,5337.243491828861,-355.970275171254,2019,3,83.39,11572.793098528602
6224,,,,3078.0,5338.243491828861,-354.970275171254,2020,3,83.377,11573.157081228363
6225,,,,3077.0,5339.243491828861,-353.970275171254,2021,3,83.361,14244.076501441075
6226,,,,3074.0,5340.243491828861,-352.970275171254,2022,3,83.347,12463.658368510187
6227,,,,3072.0,5341.243491828861,-351.970275171254,2023,3,83.332,13354.096859618645
6228,,,,3070.0,5342.243491828861,-350.970275171254,2024,3,83.315,15134.570470104027
6229,,,,3067.0,5343.243491828861,-349.970275171254,2025,3,83.299,14244.146738353287
6230,,,,3067.0,5344.243491828861,-348.970275171254,2026,3,83.282,15134.240226918848
6231,,,,3066.0,5345.243491828861,-347.970275171254,2027,3,83.265,15133.982553167918
6232,,,,3065.0,5346.243491828861,-346.970275171254,2028,3,83.249,14243.590220779011
6233,,,,3064.0,5347.243491828861,-345.970275171254,2029,3,83.231,16023.763737354644
6234,,,,3061.0,5348.243491828861,-344.970275171254,2030,3,83.214,15133.202595953087
6235,,,,3060.0,5349.243491828861,-343.970275171254,2031,3,83.197,15132.940298214811
6236,,,,3059.0,5350.243491828861,-342.970275171254,2032,3,83.181,14242.604986940793
6237,,,,3059.0,5351.243491828861,-341.970275171254,2033,3,83.165,14242.527198260326
6238,,,,3060.0,5352.243491828861,-340.970275171254,2034,3,83.15,13352.375645153263
6239,,,,3057.0,5353.243491828861,-339.970275171254,2035,3,83.134,14242.539852729082
6240,,,,3056.0,5354.243491828861,-338.970275171254,2036,3,83.119,13352.38564870586
6241,,,,3053.0,5355.243491828861,-337.970275171254,2037,3,83.103,14242.548539185187
6242,,,,3050.0,5356.243491828861,-336.970275171254,2038,3,83.087,14242.46569450472
6243,,,,3048.0,5357.243491828861,-335.970275171254,2039,3,83.071,14242.381825849554
6244,,,,3046.0,5358.243491828861,-334.970275171254,2040,3,83.055,14242.29693316909
6245,,,,3044.0,5359.243491828861,-333.970275171254,2041,3,83.038,15132.258097910633
6246,,,,3040.0,5360.243491828861,-332.970275171254,2042,3,83.02,16022.003647790712
6247,,,,3037.0,5361.243491828861,-331.970275171254,2043,3,83.002,16021.518606008007
6248,,,,3034.0,5362.243491828861,-330.970275171254,2044,3,82.983,16910.987733825266
6249,,,,3032.0,5363.243491828861,-329.970275171254,2045,3,82.967,14240.484119508747
6250,,,,3031.0,5364.243491828861,-328.970275171254,2046,3,82.948,16910.16071999378
6251,,,,3030.0,5365.243491828861,-327.970275171254,2047,3,82.931,15129.68082807471
6252,,,,3028.0,5366.243491828861,-326.970275171254,2048,3,82.914,15129.399082336435
6253,,,,3025.0,5367.243491828861,-325.970275171254,2049,3,82.899,13349.38117665979
6254,,,,3022.0,5368.243491828861,-324.970275171254,2050,3,82.883,14239.33028100271
6255,,,,3020.0,5369.243491828861,-323.970275171254,2051,3,82.865,16018.944665106306
6256,,,,3018.0,5370.243491828861,-322.970275171254,2052,3,82.849,14238.792480070953
6257,,,,3015.0,5371.243491828861,-321.970275171254,2053,3,82.832,15128.520880493861
6258,,,,3012.0,5372.243491828861,-320.970275171254,2054,3,82.814,16018.031618055309
6259,,,,3009.0,5373.243491828861,-319.970275171254,2055,3,82.796,16017.531384259959
6260,,,,3007.0,5374.243491828861,-318.970275171254,2056,3,82.775,18686.196252898233
6261,,,,3004.0,5375.243491828861,-317.970275171254,2057,3,82.758,15126.263075868419
6262,,,,3001.0,5376.243491828861,-316.970275171254,2058,3,82.738,17794.935858470642
6263,,,,3001.0,5377.243491828861,-315.970275171254,2059,3,82.718,17793.94398367718
6264,,,,3001.0,5378.243491828861,-314.970275171254,2060,3,82.699,16903.405170074093
6265,,,,3000.0,5379.243491828861,-313.970275171254,2061,3,82.68,16902.664279260352
6266,,,,2998.0,5380.243491828861,-312.970275171254,2062,3,82.662,16012.443949668024
6267,,,,2996.0,5381.243491828861,-311.970275171254,2063,3,82.644,16011.933059885318
6268,,,,2994.0,5382.243491828861,-310.970275171254,2064,3,82.625,16900.84199337507
6269,,,,2993.0,5383.243491828861,-309.970275171254,2065,3,82.607,16010.713595554202
6270,,,,2993.0,5384.243491828861,-308.970275171254,2066,3,82.589,16010.198781771496
6271,,,,2991.0,5385.243491828861,-307.970275171254,2067,3,82.57,16899.007167477146
6272,,,,2990.0,5386.243491828861,-306.970275171254,2068,3,82.553,15119.675629717729
6273,,,,2987.0,5387.243491828861,-305.970275171254,2069,3,82.535,16008.64656442338
6274,,,,2985.0,5388.243491828861,-304.970275171254,2070,3,82.515,17786.591766523532
6275,,,,2984.0,5389.243491828861,-303.970275171254,2071,3,82.499,14228.810008975113
6276,,,,2983.0,5390.243491828861,-302.970275171254,2072,3,82.481,16007.082683075265
6277,,,,2982.0,5391.243491828861,-301.970275171254,2073,3,82.462,16895.709630174042
6278,,,,2980.0,5392.243491828861,-300.970275171254,2074,3,82.445,15116.71785762837
6279,,,,2978.0,5393.243491828861,-299.970275171254,2075,3,82.427,16005.507137714514
6280,,,,2976.0,5394.243491828861,-298.970275171254,2076,3,82.408,16894.042393541447
6281,,,,2976.0,5395.243491828861,-297.970275171254,2077,3,82.391,15115.222447564738
6282,,,,2975.0,5396.243491828861,-296.970275171254,2078,3,82.371,17781.917404023232
6283,,,,2974.0,5397.243491828861,-295.970275171254,2079,3,82.353,16002.999665064917
6284,,,,2974.0,5398.243491828861,-294.970275171254,2080,3,82.334,16891.38999282979
6285,,,,2975.0,5399.243491828861,-293.970275171254,2081,3,82.315,16890.62079204132
6286,,,,2975.0,5400.243491828861,-292.970275171254,2082,3,82.298,15112.154792643574
6287,,,,2974.0,5401.243491828861,-291.970275171254,2083,3,82.281,15111.831294905298
6288,,,,2973.0,5402.243491828861,-290.970275171254,2084,3,82.262,16889.12566664878
6289,,,,2971.0,5403.243491828861,-289.970275171254,2085,3,82.244,15999.58752960298
6290,,,,2969.0,5404.243491828861,-288.970275171254,2086,3,82.228,14221.547769413972
6291,,,,2968.0,5405.243491828861,-287.970275171254,2087,3,82.211,15110.158187394745
6292,,,,2968.0,5406.243491828861,-286.970275171254,2088,3,82.193,15998.544990551984
6293,,,,2967.0,5407.243491828861,-285.970275171254,2089,3,82.175,15998.000368769277
6294,,,,2965.0,5408.243491828861,-284.970275171254,2090,3,82.156,16886.099163851064
6295,,,,2964.0,5409.243491828861,-283.970275171254,2091,3,82.138,15996.712504438163
6296,,,,2964.0,5410.243491828861,-282.970275171254,2092,3,82.12,15996.163958655457
6297,,,,2965.0,5411.243491828861,-281.970275171254,2093,3,82.102,15995.614116872752
6298,,,,2966.0,5412.243491828861,-280.970275171254,2094,3,82.084,15995.062979090048
6299,,,,2966.0,5413.243491828861,-279.970275171254,2095,3,82.069,13329.00238371325
6300,,,,2965.0,5414.243491828861,-278.970275171254,2096,3,82.052,15106.04795407792
6301,,,,2963.0,5415.243491828861,-277.970275171254,2097,3,82.037,13328.728339961095
6302,,,,2960.0,5416.243491828861,-276.970275171254,2098,3,82.018,16882.67469499254
6303,,,,2958.0,5417.243491828861,-275.970275171254,2099,3,82.001,15105.024624863088
6304,,,,2955.0,5418.243491828861,-274.970275171254,2100,3,81.984,15104.681203137437
6305,,,,2955.0,5419.243491828861,-273.970275171254,2101,3,81.968,14215.932943549327
6306,,,,2957.0,5420.243491828861,-272.970275171254,2102,3,81.95,15992.558508485465
6307,,,,2957.0,5421.243491828861,-271.970275171254,2103,3,81.934,14215.281094642844
6308,,,,2955.0,5422.243491828861,-270.970275171254,2104,3,81.918,14215.127049962402
6309,,,,2951.0,5423.243491828861,-269.970275171254,2105,3,81.902,14214.971981307212
6310,,,,2949.0,5424.243491828861,-268.970275171254,2106,3,81.886,14214.815888639394
6311,,,,2947.0,5425.243491828861,-267.970275171254,2107,3,81.871,13326.323977371785
6312,,,,2945.0,5426.243491828861,-266.970275171254,2108,3,81.854,15102.999166890928
6313,,,,2945.0,5427.243491828861,-265.970275171254,2109,3,81.837,15102.64554515265
6314,,,,2943.0,5428.243491828861,-264.970275171254,2110,3,81.821,14214.00757417639
6315,,,,2941.0,5429.243491828861,-263.970275171254,2111,3,81.805,14213.84632949595
6316,,,,2938.0,5430.243491828861,-262.970275171254,2112,3,81.789,14213.684060840758
6317,,,,2934.0,5431.243491828861,-261.970275171254,2113,3,81.774,13325.257188810565
6318,,,,2930.0,5432.243491828861,-260.970275171254,2114,3,81.757,15101.783577854878
6319,,,,2927.0,5433.243491828861,-259.970275171254,2115,3,81.742,13324.94816505841
6320,,,,2926.0,5434.243491828861,-258.970275171254,2116,3,81.724,15989.652839435945
6321,,,,2924.0,5435.243491828861,-257.970275171254,2117,3,81.706,15989.07318965324
6322,,,,2921.0,5436.243491828861,-256.970275171254,2118,3,81.692,12435.798397098817
6323,,,,2918.0,5437.243491828861,-255.970275171254,2119,3,81.676,14212.34551636168
6324,,,,2914.0,5438.243491828861,-254.970275171254,2120,3,81.66,14212.175023706488
6325,,,,2912.0,5439.243491828861,-253.970275171254,2121,3,81.645,13323.834876497187
6326,,,,2910.0,5440.243491828861,-252.970275171254,2122,3,81.63,13323.836341925864
6327,,,,2907.0,5441.243491828861,-251.970275171254,2123,3,81.613,15100.163492718882
6328,,,,2905.0,5442.243491828861,-250.970275171254,2124,3,81.596,15099.793006980606
6329,,,,2901.0,5443.243491828861,-249.970275171254,2125,3,81.579,15099.421365254952
6330,,,,2899.0,5444.243491828861,-248.970275171254,2126,3,81.565,12434.73924322925
6331,,,,2896.0,5445.243491828861,-247.970275171254,2127,3,81.549,14211.12715081089
6332,,,,2892.0,5446.243491828861,-246.970275171254,2128,3,81.532,15099.04019315501
6333,,,,2890.0,5447.243491828861,-245.970275171254,2129,3,81.517,13322.514061488564
6334,,,,2888.0,5448.243491828861,-244.970275171254,2130,3,81.501,14210.58812080744
6335,,,,2886.0,5449.243491828861,-243.970275171254,2131,3,81.486,13322.337735041165
6336,,,,2884.0,5450.243491828861,-242.970275171254,2132,3,81.47,14210.398055276168
6337,,,,2880.0,5451.243491828861,-241.970275171254,2133,3,81.456,12434.09016009219
6338,,,,2877.0,5452.243491828861,-240.970275171254,2134,3,81.441,13322.311621327195
6339,,,,2872.0,5453.243491828861,-239.970275171254,2135,3,81.425,14210.367272647934
6340,,,,2869.0,5454.243491828861,-238.970275171254,2136,3,81.408,15098.224118580836
6341,,,,2867.0,5455.243491828861,-237.970275171254,2137,3,81.393,13321.786435698961
6342,,,,2865.0,5456.243491828861,-236.970275171254,2138,3,81.377,14209.804050644485
6343,,,,2862.0,5457.243491828861,-235.970275171254,2139,3,81.362,13321.59522925156
6344,,,,2858.0,5458.243491828861,-234.970275171254,2140,3,81.347,13321.580104680235
6345,,,,2855.0,5459.243491828861,-233.970275171254,2141,3,81.329,15985.582096982136
6346,,,,2851.0,5460.243491828861,-232.970275171254,2142,3,81.312,15097.010849823506
6347,,,,2848.0,5461.243491828861,-231.970275171254,2143,3,81.298,12432.73925888434
6348,,,,2846.0,5462.243491828861,-230.970275171254,2144,3,81.284,12432.874599435543
6349,,,,2843.0,5463.243491828861,-229.970275171254,2145,3,81.269,13320.999289909358
6350,,,,2842.0,5464.243491828861,-228.970275171254,2146,3,81.255,12432.989929732797
6351,,,,2840.0,5465.243491828861,-227.970275171254,2147,3,81.24,13321.121118071465
6352,,,,2839.0,5466.243491828861,-226.970275171254,2148,3,81.226,12433.102012004812
6353,,,,2836.0,5467.243491828861,-225.970275171254,2149,3,81.211,13321.239466233576
6354,,,,2832.0,5468.243491828861,-224.970275171254,2150,3,81.197,12433.210846289447
6355,,,,2830.0,5469.243491828861,-223.970275171254,2151,3,81.181,14209.357115463734
6356,,,,2828.0,5470.243491828861,-222.970275171254,2152,3,81.166,13321.164302519606
6357,,,,2827.0,5471.243491828861,-221.970275171254,2153,3,81.15,14209.12573790722
6358,,,,2827.0,5472.243491828861,-220.970275171254,2154,3,81.135,13320.945526072206
6359,,,,2824.0,5473.243491828861,-219.970275171254,2155,3,81.119,14208.890392375946
6360,,,,2822.0,5474.243491828861,-218.970275171254,2156,3,81.104,13320.723029624804
6361,,,,2819.0,5475.243491828861,-217.970275171254,2157,3,81.089,13320.69251505348
6362,,,,2817.0,5476.243491828861,-216.970275171254,2158,3,81.072,15096.563054930184
6363,,,,2815.0,5477.243491828861,-215.970275171254,2159,3,81.058,12432.356822619251
6364,,,,2813.0,5478.243491828861,-214.970275171254,2160,3,81.042,14208.37232041208
6365,,,,2812.0,5479.243491828861,-213.970275171254,2161,3,81.027,13320.23270215868
6366,,,,2811.0,5480.243491828861,-212.970275171254,2162,3,81.012,13320.197627587357
6367,,,,2810.0,5481.243491828861,-211.970275171254,2163,3,80.996,14208.084729992106
6368,,,,2808.0,5482.243491828861,-210.970275171254,2164,3,80.982,12432.039708468637
6369,,,,2805.0,5483.243491828861,-209.970275171254,2165,3,80.967,13320.087003873388
6370,,,,2803.0,5484.243491828861,-208.970275171254,2166,3,80.952,13320.048329302064
6371,,,,2801.0,5485.243491828861,-207.970275171254,2167,3,80.938,12432.084964486705
6372,,,,2798.0,5486.243491828861,-206.970275171254,2168,3,80.921,15095.964050843135
6373,,,,2796.0,5487.243491828861,-205.970275171254,2169,3,80.906,13319.762288283342
6374,,,,2794.0,5488.243491828861,-204.970275171254,2170,3,80.889,15095.496047936644
6375,,,,2792.0,5489.243491828861,-203.970275171254,2171,3,80.872,15095.073780185749
6376,,,,2791.0,5490.243491828861,-202.970275171254,2172,3,80.856,14206.817591148712
6377,,,,2789.0,5491.243491828861,-201.970275171254,2173,3,80.839,15094.412478987915
6378,,,,2788.0,5492.243491828861,-200.970275171254,2174,3,80.824,13318.38839429344
6379,,,,2787.0,5493.243491828861,-199.970275171254,2175,3,80.809,13318.341379722118
6380,,,,2785.0,5494.243491828861,-198.970275171254,2176,3,80.793,14206.091788256568
6381,,,,2783.0,5495.243491828861,-197.970275171254,2177,3,80.777,14205.86385560137
6382,,,,2780.0,5496.243491828861,-196.970275171254,2178,3,80.761,14205.634898933553
6383,,,,2778.0,5497.243491828861,-195.970275171254,2179,3,80.745,14205.40491825312
6384,,,,2775.0,5498.243491828861,-194.970275171254,2180,3,80.73,13317.433017646485
6385,,,,2774.0,5499.243491828861,-193.970275171254,2181,3,80.712,15980.559620541635
6386,,,,2772.0,5500.243491828861,-192.970275171254,2182,3,80.696,14204.532824470549
6387,,,,2771.0,5501.243491828861,-191.970275171254,2183,3,80.679,15091.973864392368
6388,,,,2769.0,5502.243491828861,-190.970275171254,2184,3,80.662,15091.536942654091
6389,,,,2765.0,5503.243491828861,-189.970275171254,2185,3,80.644,15978.711504473638
6390,,,,2763.0,5504.243491828861,-188.970275171254,2186,3,80.628,14202.885702632328
6391,,,,2761.0,5505.243491828861,-187.970275171254,2187,3,80.61,15977.78010243964
6392,,,,2759.0,5506.243491828861,-186.970275171254,2188,3,80.592,15977.114340656934
6393,,,,2757.0,5507.243491828861,-185.970275171254,2189,3,80.574,15976.44728287423
6394,,,,2755.0,5508.243491828861,-184.970275171254,2190,3,80.558,14200.868645198017
6395,,,,2754.0,5509.243491828861,-183.970275171254,2191,3,80.542,14200.626024542815
6396,,,,2753.0,5510.243491828861,-182.970275171254,2192,3,80.527,13312.941134781247
6397,,,,2754.0,5511.243491828861,-181.970275171254,2193,3,80.513,12425.429126933945
6398,,,,2754.0,5512.243491828861,-180.970275171254,2194,3,80.501,10650.580483120391
6399,,,,2752.0,5513.243491828861,-179.970275171254,2195,3,80.489,10650.924836994744
6400,,,,2751.0,5514.243491828861,-178.970275171254,2196,3,80.478,9763.723553650158
6401,,,,2747.0,5515.243491828861,-177.970275171254,2197,3,80.465,11539.317832962388
6402,,,,2742.0,5516.243491828861,-176.970275171254,2198,3,80.451,12427.125728244742
6403,,,,2739.0,5517.243491828861,-175.970275171254,2199,3,80.434,15089.909226105434
6404,,,,2737.0,5518.243491828861,-174.970275171254,2200,3,80.417,15089.454726367157
6405,,,,2736.0,5519.243491828861,-173.970275171254,2201,3,80.4,15088.99907062888
6406,,,,2734.0,5520.243491828861,-172.970275171254,2202,3,80.382,15976.004203858709
6407,,,,2732.0,5521.243491828861,-171.970275171254,2203,3,80.364,15975.320514076004
6408,,,,2730.0,5522.243491828861,-170.970275171254,2204,3,80.346,15974.635528293298
6409,,,,2728.0,5523.243491828861,-169.970275171254,2205,3,80.33,14199.242740694246
6410,,,,2727.0,5524.243491828861,-168.970275171254,2206,3,80.312,15973.659414259299
6411,,,,2727.0,5525.243491828861,-167.970275171254,2207,3,80.296,14198.372907762527
6412,,,,2725.0,5526.243491828861,-166.970275171254,2208,3,80.277,16859.94442806012
6413,,,,2722.0,5527.243491828861,-165.970275171254,2209,3,80.259,15971.78810167689
6414,,,,2718.0,5528.243491828861,-164.970275171254,2210,3,80.241,15971.095447894184
6415,,,,2716.0,5529.243491828861,-163.970275171254,2211,3,80.223,15970.40149811148
6416,,,,2715.0,5530.243491828861,-162.970275171254,2212,3,80.205,15969.706252328773
6417,,,,2714.0,5531.243491828861,-161.970275171254,2213,3,80.189,14194.852298059113
6418,,,,2712.0,5532.243491828861,-160.970275171254,2214,3,80.173,14194.58609337869
6419,,,,2708.0,5533.243491828861,-159.970275171254,2215,3,80.156,15081.36972862067
6420,,,,2704.0,5534.243491828861,-158.970275171254,2216,3,80.139,15080.896528895
6421,,,,2702.0,5535.243491828861,-157.970275171254,2217,3,80.121,15967.406196009482
6422,,,,2700.0,5536.243491828861,-156.970275171254,2218,3,80.103,15966.703390226778
6423,,,,2699.0,5537.243491828861,-155.970275171254,2219,3,80.086,15079.093461110117
6424,,,,2697.0,5538.243491828861,-154.970275171254,2220,3,80.068,15965.493267427073
6425,,,,2696.0,5539.243491828861,-153.970275171254,2221,3,80.051,15077.948187354841
6426,,,,2693.0,5540.243491828861,-152.970275171254,2222,3,80.034,15077.467949616565
6427,,,,2690.0,5541.243491828861,-151.970275171254,2223,3,80.017,15076.986555890891
6428,,,,2687.0,5542.243491828861,-150.970275171254,2224,3,79.999,15963.25742259337
6429,,,,2685.0,5543.243491828861,-149.970275171254,2225,3,79.981,15962.545688810666
6430,,,,2684.0,5544.243491828861,-148.970275171254,2226,3,79.962,16848.495799450324
6431,,,,2683.0,5545.243491828861,-147.970275171254,2227,3,79.946,14187.66074066665
6432,,,,2682.0,5546.243491828861,-146.970275171254,2228,3,79.928,15960.602376228257
6433,,,,2681.0,5547.243491828861,-145.970275171254,2229,3,79.911,15073.319492333738
6434,,,,2678.0,5548.243491828861,-144.970275171254,2230,3,79.895,14186.281591287985
6435,,,,2676.0,5549.243491828861,-143.970275171254,2231,3,79.879,14185.99727460757
6436,,,,2672.0,5550.243491828861,-142.970275171254,2232,3,79.862,15072.22457568895
6437,,,,2669.0,5551.243491828861,-141.970275171254,2233,3,79.844,15958.204075908965
6438,,,,2667.0,5552.243491828861,-140.970275171254,2234,3,79.827,15071.048599921074
6439,,,,2663.0,5553.243491828861,-139.970275171254,2235,3,79.809,15956.95640510926
6440,,,,2661.0,5554.243491828861,-138.970275171254,2236,3,79.79,16842.582433987733
6441,,,,2660.0,5555.243491828861,-137.970275171254,2237,3,79.771,16841.60392919923
6442,,,,2658.0,5556.243491828861,-136.970275171254,2238,3,79.753,15954.375362229734
6443,,,,2657.0,5557.243491828861,-135.970275171254,2239,3,79.736,15067.426523557357
6444,,,,2655.0,5558.243491828861,-134.970275171254,2240,3,79.72,14180.724387733742
6445,,,,2653.0,5559.243491828861,-133.970275171254,2241,3,79.703,15066.611678359524
6446,,,,2652.0,5560.243491828861,-132.970275171254,2242,3,79.689,12407.616629103068
6447,,,,2650.0,5561.243491828861,-131.970275171254,2243,3,79.675,12407.668109641676
6448,,,,2648.0,5562.243491828861,-130.970275171254,2244,3,79.661,12407.71880619288
6449,,,,2645.0,5563.243491828861,-129.970275171254,2245,3,79.647,12407.768718744082
6450,,,,2642.0,5564.243491828861,-128.970275171254,2246,3,79.633,12407.81784730788
6451,,,,2641.0,5565.243491828861,-127.970275171254,2247,3,79.619,12407.866191846488
6452,,,,2642.0,5566.243491828861,-126.970275171254,2248,3,79.606,11521.70655982849
6453,,,,2643.0,5567.243491828861,-125.970275171254,2249,3,79.595,9749.418042565281
6454,,,,2642.0,5568.243491828861,-124.970275171254,2250,3,79.584,9749.82173864026
6455,,,,2641.0,5569.243491828861,-123.970275171254,2251,3,79.572,10636.542206226573
6456,,,,2640.0,5570.243491828861,-122.970275171254,2252,3,79.56,10636.847848100926
6457,,,,2638.0,5571.243491828861,-121.970275171254,2253,3,79.548,10637.15291397528
6458,,,,2636.0,5572.243491828861,-120.970275171254,2254,3,79.534,12410.210948335936
6459,,,,2634.0,5573.243491828861,-119.970275171254,2255,3,79.52,12410.253384899735
6460,,,,2633.0,5574.243491828861,-118.970275171254,2256,3,79.505,13296.661069321772
6461,,,,2631.0,5575.243491828861,-117.970275171254,2257,3,79.49,13296.53758475045
6462,,,,2629.0,5576.243491828861,-116.970275171254,2258,3,79.476,12410.063720905204
6463,,,,2628.0,5577.243491828861,-115.970275171254,2259,3,79.464,10637.364967095753
6464,,,,2627.0,5578.243491828861,-114.970275171254,2260,3,79.451,11524.06533855642
6465,,,,2625.0,5579.243491828861,-113.970275171254,2261,3,79.439,10637.831981000654
6466,,,,2624.0,5580.243491828861,-112.970275171254,2262,3,79.429,8865.221230590612
6467,,,,2621.0,5581.243491828861,-111.970275171254,2263,3,79.418,9752.2016344081
6468,,,,2619.0,5582.243491828861,-110.970275171254,2264,3,79.406,10639.130884155127
6469,,,,2614.0,5583.243491828861,-109.970275171254,2265,3,79.395,9752.871147213833
6470,,,,2611.0,5584.243491828861,-108.970275171254,2266,3,79.381,12413.01382521694
6471,,,,2607.0,5585.243491828861,-107.970275171254,2267,3,79.366,13299.609728960846
6472,,,,2605.0,5586.243491828861,-106.970275171254,2268,3,79.351,13299.477124389523
6473,,,,2603.0,5587.243491828861,-105.970275171254,2269,3,79.335,14185.87713191441
6474,,,,2601.0,5588.243491828861,-104.970275171254,2270,3,79.321,12412.517032150667
6475,,,,2600.0,5589.243491828861,-103.970275171254,2271,3,79.306,13299.073910675554
6476,,,,2597.0,5590.243491828861,-102.970275171254,2272,3,79.292,12412.420122435302
6477,,,,2594.0,5591.243491828861,-101.970275171254,2273,3,79.278,12412.448726986506
6478,,,,2591.0,5592.243491828861,-100.970275171254,2274,3,79.261,15072.00774617692
6479,,,,2587.0,5593.243491828861,-99.970275171254,2275,3,79.246,13298.523692390261
6480,,,,2586.0,5594.243491828861,-98.970275171254,2276,3,79.229,15071.31153524521
6481,,,,2583.0,5595.243491828861,-97.970275171254,2277,3,79.212,15070.771559506933
6482,,,,2577.0,5596.243491828861,-96.970275171254,2278,3,79.194,15956.613838200172
6483,,,,2573.0,5597.243491828861,-95.970275171254,2279,3,79.177,15069.497833751659
6484,,,,2570.0,5598.243491828861,-94.970275171254,2280,3,79.16,15068.954356025977
6485,,,,2569.0,5599.243491828861,-93.970275171254,2281,3,79.142,15954.685978383466
6486,,,,2565.0,5600.243491828861,-92.970275171254,2282,3,79.123,16840.12818844384
6487,,,,2561.0,5601.243491828861,-91.970275171254,2283,3,79.106,15066.745659974977
6488,,,,2555.0,5602.243491828861,-90.970275171254,2284,3,79.085,18610.71450453459
6489,,,,2551.0,5603.243491828861,-89.970275171254,2285,3,79.065,17723.05916465116
6490,,,,2548.0,5604.243491828861,-88.970275171254,2286,3,79.044,18607.70801924166
6491,,,,2544.0,5605.243491828861,-87.970275171254,2287,3,79.022,19491.9651911396
6492,,,,2541.0,5606.243491828861,-86.970275171254,2288,3,79.001,18604.22372149542
6493,,,,2540.0,5607.243491828861,-85.970275171254,2289,3,78.981,17716.870826531205
6494,,,,2538.0,5608.243491828861,-84.970275171254,2290,3,78.961,17715.543871725153
6495,,,,2535.0,5609.243491828861,-83.970275171254,2291,3,78.94,18599.808288669352
6496,,,,2531.0,5610.243491828861,-82.970275171254,2292,3,78.918,19483.679976920997
6497,,,,2528.0,5611.243491828861,-81.970275171254,2293,3,78.898,17710.880058138333
6498,,,,2526.0,5612.243491828861,-80.970275171254,2294,3,78.877,18594.906055389973
6499,,,,2525.0,5613.243491828861,-79.970275171254,2295,3,78.859,15937.390357688713
6500,,,,2524.0,5614.243491828861,-78.970275171254,2296,3,78.839,17707.09940348503
6501,,,,2523.0,5615.243491828861,-77.970275171254,2297,3,78.822,15050.183370805287
6502,,,,2521.0,5616.243491828861,-76.970275171254,2298,3,78.805,15049.617419067012
6503,,,,2517.0,5617.243491828861,-75.970275171254,2299,3,78.788,15049.050311341314
6504,,,,2514.0,5618.243491828861,-74.970275171254,2300,3,78.77,15933.585745540893
6505,,,,2513.0,5619.243491828861,-73.970275171254,2301,3,78.752,15932.780519758187
6506,,,,2509.0,5620.243491828861,-72.970275171254,2302,3,78.731,18586.948922298077
6507,,,,2508.0,5621.243491828861,-71.970275171254,2303,3,78.711,17700.39635680687
6508,,,,2507.0,5622.243491828861,-70.970275171254,2304,3,78.694,15044.47702612885
6509,,,,2507.0,5623.243491828861,-69.970275171254,2305,3,78.677,15043.902676390573
6510,,,,2507.0,5624.243491828861,-68.970275171254,2306,3,78.66,15043.327170664872
6511,,,,2505.0,5625.243491828861,-67.970275171254,2307,3,78.644,14157.972835810508
6512,,,,2502.0,5626.243491828861,-66.970275171254,2308,3,78.628,14157.609063155267
6513,,,,2498.0,5627.243491828861,-65.970275171254,2309,3,78.609,16811.406813574024
6514,,,,2496.0,5628.243491828861,-64.970275171254,2310,3,78.593,14156.338134431844
6515,,,,2494.0,5629.243491828861,-63.970275171254,2311,3,78.578,13271.307432814012
6516,,,,2492.0,5630.243491828861,-62.970275171254,2312,3,78.563,13271.13138824269
6517,,,,2488.0,5631.243491828861,-61.970275171254,2313,3,78.549,12386.302984831304
6518,,,,2483.0,5632.243491828861,-60.970275171254,2314,3,78.532,15040.21347898843
6519,,,,2478.0,5633.243491828861,-59.970275171254,2315,3,78.515,15039.62784123758
6520,,,,2475.0,5634.243491828861,-58.970275171254,2316,3,78.498,15039.041047499304
6521,,,,2470.0,5635.243491828861,-57.970275171254,2317,3,78.48,15922.9665514862
6522,,,,2467.0,5636.243491828861,-56.970275171254,2318,3,78.461,16806.596107175978
6523,,,,2464.0,5637.243491828861,-55.970275171254,2319,3,78.445,14152.277237267113
6524,,,,2459.0,5638.243491828861,-54.970275171254,2320,3,78.429,14151.900952586728
6525,,,,2456.0,5639.243491828861,-53.970275171254,2321,3,78.411,15920.261086652497
6526,,,,2451.0,5640.243491828861,-52.970275171254,2322,3,78.393,15919.429328869792
6527,,,,2446.0,5641.243491828861,-51.970275171254,2323,3,78.374,16802.85555119199
6528,,,,2443.0,5642.243491828861,-50.970275171254,2324,3,78.356,15917.558804538674
6529,,,,2440.0,5643.243491828861,-49.970275171254,2325,3,78.338,15916.72312275597
6530,,,,2438.0,5644.243491828861,-48.970275171254,2326,3,78.321,15031.766200165479
6531,,,,2434.0,5645.243491828861,-47.970275171254,2327,3,78.305,14147.070514411154
6532,,,,2431.0,5646.243491828861,-46.970275171254,2328,3,78.289,14146.685653755903
6533,,,,2428.0,5647.243491828861,-45.970275171254,2329,3,78.271,15914.383939453679
6534,,,,2424.0,5648.243491828861,-44.970275171254,2330,3,78.256,13261.539135682944
6535,,,,2419.0,5649.243491828861,-43.970275171254,2331,3,78.24,14145.344151960715
6536,,,,2415.0,5650.243491828861,-42.970275171254,2332,3,78.221,16796.812192517933
6537,,,,2412.0,5651.243491828861,-41.970275171254,2333,3,78.207,12376.178037166115
6538,,,,2411.0,5652.243491828861,-40.970275171254,2334,3,78.192,13260.078448178632
6539,,,,2408.0,5653.243491828861,-39.970275171254,2335,3,78.178,12375.967587438186
6540,,,,2405.0,5654.243491828861,-38.970275171254,2336,3,78.163,13259.851226340741
6541,,,,2400.0,5655.243491828861,-37.970275171254,2337,3,78.148,13259.651481769419
6542,,,,2395.0,5656.243491828861,-36.970275171254,2338,3,78.132,14143.323726440392
6543,,,,2392.0,5657.243491828861,-35.970275171254,2339,3,78.119,11491.349386947391
6544,,,,2390.0,5658.243491828861,-34.970275171254,2340,3,78.106,11491.468163647152
6545,,,,2388.0,5659.243491828861,-33.970275171254,2341,3,78.096,8839.851519098478
6546,,,,2386.0,5660.243491828861,-32.970275171254,2342,3,78.085,9724.2473767793
6547,,,,2383.0,5661.243491828861,-31.970275171254,2343,3,78.075,8840.597836831908
6548,,,,2378.0,5662.243491828861,-30.970275171254,2344,3,78.063,10609.096491926499
6549,,,,2372.0,5663.243491828861,-29.970275171254,2345,3,78.052,9725.28983499167
6550,,,,2367.0,5664.243491828861,-28.970275171254,2346,3,78.041,9725.636353079211
6551,,,,2362.0,5665.243491828861,-27.970275171254,2347,3,78.028,11494.19552483316
6552,,,,2358.0,5666.243491828861,-26.970275171254,2348,3,78.015,11494.309231545487
6553,,,,2356.0,5667.243491828861,-25.970275171254,2349,3,78.004,9726.174285864297
6554,,,,2352.0,5668.243491828861,-24.970275171254,2350,3,77.994,8842.346482387711
6555,,,,2348.0,5669.243491828861,-23.970275171254,2351,3,77.982,10611.191074578383
6556,,,,2343.0,5670.243491828861,-22.970275171254,2352,3,77.971,9727.20631608923
6557,,,,2339.0,5671.243491828861,-21.970275171254,2353,3,77.96,9727.549358176773
6558,,,,2336.0,5672.243491828861,-20.970275171254,2354,3,77.948,10612.17765988905
6559,,,,2334.0,5673.243491828861,-19.970275171254,2355,3,77.938,8843.792349664294
6560,,,,2332.0,5674.243491828861,-18.970275171254,2356,3,77.93,7075.463876671126
6561,,,,2328.0,5675.243491828861,-17.970275171254,2357,3,77.919,9729.291252547146
6562,,,,2323.0,5676.243491828861,-16.970275171254,2358,3,77.907,10614.07582029309
6563,,,,2318.0,5677.243491828861,-15.970275171254,2359,3,77.896,9729.84724532771
6564,,,,2314.0,5678.243491828861,-14.970275171254,2360,3,77.885,9730.186943402688
6565,,,,2311.0,5679.243491828861,-13.970275171254,2361,3,77.871,12384.067490394995
6566,,,,2308.0,5680.243491828861,-12.970275171254,2362,3,77.86,9730.489991482182
6567,,,,2305.0,5681.243491828861,-11.970275171254,2363,3,77.849,9730.82817155716
6568,,,,2302.0,5682.243491828861,-10.970275171254,2364,3,77.838,9731.165867644708
6569,,,,2298.0,5683.243491828861,-9.970275171254,2365,3,77.826,10616.116978944976
6570,,,,2294.0,5684.243491828861,-8.970275171254,2366,3,77.813,11500.969646713831
6571,,,,2292.0,5685.243491828861,-7.970275171254,2367,3,77.8,11501.071341426166
6572,,,,2291.0,5686.243491828861,-6.970275171254,2368,3,77.789,9731.886325147945
6573,,,,2289.0,5687.243491828861,-5.970275171254,2369,3,77.777,10616.900652598586
6574,,,,2286.0,5688.243491828861,-4.970275171254,2370,3,77.766,9732.43103194108
6575,,,,2283.0,5689.243491828861,-3.970275171254,2371,3,77.754,10617.493774191096
6576,,,,2278.0,5690.243491828861,-2.970275171254,2372,3,77.742,10617.72122406545
6577,,,,2273.0,5691.243491828861,-1.970275171254,2373,3,77.729,11502.70311994025
6578,,,,2269.0,5692.243491828861,-0.970275171254,2374,3,77.715,12387.551362810114
6579,,,,2264.0,5693.243491828861,2.9724828746e-2,2375,3,77.7,13272.23155923924
6580,,,,2262.0,5694.243491828861,1.029724828746,2376,3,77.684,14156.7092917541
6581,,,,2259.0,5695.243491828861,2.029724828746,2377,3,77.669,13271.597432791837
6582,,,,2257.0,5696.243491828861,3.029724828746,2378,3,77.656,11501.997264780186
6583,,,,2254.0,5697.243491828861,4.029724828746,2379,3,77.64,14156.146004917604
6584,,,,2251.0,5698.243491828861,5.029724828746,2380,3,77.627,11501.73923919992
6585,,,,2248.0,5699.243491828861,6.029724828746,2381,3,77.61,15040.468852994005
6586,,,,2245.0,5700.243491828861,7.029724828746,2382,3,77.596,12385.967879495342
6587,,,,2242.0,5701.243491828861,8.029724828746,2383,3,77.579,15039.73780036619
6588,,,,2238.0,5702.243491828861,9.029724828746,2384,3,77.563,14154.519356941166
6589,,,,2235.0,5703.243491828861,10.029724828746,2385,3,77.547,14154.081568285921
6590,,,,2233.0,5704.243491828861,11.029724828746,2386,3,77.532,13269.12564704042
6591,,,,2230.0,5705.243491828861,12.029724828746,2387,3,77.516,14153.385486729456
6592,,,,2227.0,5706.243491828861,13.029724828746,2388,3,77.5,14152.94465807421
6593,,,,2223.0,5707.243491828861,14.029724828746,2389,3,77.484,14152.502805406393
6594,,,,2219.0,5708.243491828861,15.029724828746,2390,3,77.469,13267.641806840864
6595,,,,2217.0,5709.243491828861,16.029724828746,2391,3,77.454,13267.39694226954
6596,,,,2215.0,5710.243491828861,17.029724828746,2392,3,77.44,12382.754375923032
6597,,,,2213.0,5711.243491828861,18.029724828746,2393,3,77.424,14151.456193889513
6598,,,,2210.0,5712.243491828861,19.029724828746,2394,3,77.41,12382.293123402467
6599,,,,2205.0,5713.243491828861,20.029724828746,2395,3,77.395,13266.579881289004
6600,,,,2204.0,5714.243491828861,21.029724828746,2396,3,77.379,14150.66115526128
6601,,,,2202.0,5715.243491828861,22.029724828746,2397,3,77.364,13265.908854841606
6602,,,,2200.0,5716.243491828861,23.029724828746,2398,3,77.349,13265.657690270282
6603,,,,2198.0,5717.243491828861,24.029724828746,2399,3,77.334,13265.405625698959
6604,,,,2195.0,5718.243491828861,25.029724828746,2400,3,77.32,12380.889205803056
6605,,,,2193.0,5719.243491828861,26.029724828746,2401,3,77.306,12380.812418341691
6606,,,,2191.0,5720.243491828861,27.029724828746,2402,3,77.292,12380.734846892896
6607,,,,2187.0,5721.243491828861,28.029724828746,2403,3,77.279,11496.39826108585
6608,,,,2183.0,5722.243491828861,29.029724828746,2404,3,77.266,11496.473565773045
6609,,,,2179.0,5723.243491828861,30.029724828746,2405,3,77.252,12380.817930194615
6610,,,,2176.0,5724.243491828861,31.029724828746,2406,3,77.235,15033.46047347319
6611,,,,2172.0,5725.243491828861,32.029724828746,2407,3,77.219,14148.588132595682
6612,,,,2169.0,5726.243491828861,33.029724828746,2408,3,77.203,14148.1275599153
6613,,,,2167.0,5727.243491828861,34.029724828746,2409,3,77.187,14147.66596326005
6614,,,,2164.0,5728.243491828861,35.029724828746,2410,3,77.171,14147.203342579669
6615,,,,2162.0,5729.243491828861,36.029724828746,2411,3,77.156,13262.654405452593
6616,,,,2159.0,5730.243491828861,37.029724828746,2412,3,77.14,14146.45839704834
6617,,,,2156.0,5731.243491828861,38.029724828746,2413,3,77.123,15030.019851256307
6618,,,,2154.0,5732.243491828861,39.029724828746,2414,3,77.105,15913.304086640672
6619,,,,2152.0,5733.243491828861,40.029724828746,2415,3,77.088,15028.442233513593
6620,,,,2150.0,5734.243491828861,41.029724828746,2416,3,77.072,14143.855627197556
6621,,,,2146.0,5735.243491828861,42.029724828746,2417,3,77.055,15027.249852303199
6622,,,,2144.0,5736.243491828861,43.029724828746,2418,3,77.036,16794.166422093444
6623,,,,2141.0,5737.243491828861,44.029724828746,2419,3,77.02,14141.708534039715
6624,,,,2138.0,5738.243491828861,45.029724828746,2420,3,77.003,15024.965114809645
6625,,,,2136.0,5739.243491828861,46.029724828746,2421,3,76.986,15024.266223071369
6626,,,,2135.0,5740.243491828861,47.029724828746,2422,3,76.97,14139.918832452788
6627,,,,2131.0,5741.243491828861,48.029724828746,2423,3,76.952,15906.666253487678
6628,,,,2128.0,5742.243491828861,49.029724828746,2424,3,76.936,14138.597863521121
6629,,,,2125.0,5743.243491828861,50.029724828746,2425,3,76.92,14138.119530865863
6630,,,,2124.0,5744.243491828861,51.029724828746,2426,3,76.902,15904.638403202385
6631,,,,2121.0,5745.243491828861,52.029724828746,2427,3,76.884,15903.68428141968
6632,,,,2119.0,5746.243491828861,53.029724828746,2428,3,76.868,14135.942869695456
6633,,,,2118.0,5747.243491828861,54.029724828746,2429,3,76.853,13252.080252111866
6634,,,,2114.0,5748.243491828861,55.029724828746,2430,3,76.836,15018.510498263042
6635,,,,2111.0,5749.243491828861,56.029724828746,2431,3,76.82,14134.492127692007
6636,,,,2110.0,5750.243491828861,57.029724828746,2432,3,76.804,14134.006499011637
6637,,,,2107.0,5751.243491828861,58.029724828746,2433,3,76.791,11483.70917366152
6638,,,,2104.0,5752.243491828861,59.029724828746,2434,3,76.777,12367.047399740728
6639,,,,2100.0,5753.243491828861,60.029724828746,2435,3,76.762,13250.208787379175
6640,,,,2097.0,5754.243491828861,61.029724828746,2436,3,76.747,13249.922462807852
6641,,,,2096.0,5755.243491828861,62.029724828746,2437,3,76.732,13249.635238236528
6642,,,,2094.0,5756.243491828861,63.029724828746,2438,3,76.716,14132.544821351199
6643,,,,2093.0,5757.243491828861,64.029724828746,2439,3,76.701,13248.885371789127
6644,,,,2090.0,5758.243491828861,65.029724828746,2440,3,76.686,13248.595417205253
6645,,,,2087.0,5759.243491828861,66.029724828746,2441,3,76.67,14131.432718931228
6646,,,,2084.0,5760.243491828861,67.029724828746,2442,3,76.655,13247.840000770404
6647,,,,2082.0,5761.243491828861,68.029724828746,2443,3,76.64,13247.547316199081
6648,,,,2080.0,5762.243491828861,69.029724828746,2444,3,76.626,12364.184154257277
6649,,,,2076.0,5763.243491828861,70.029724828746,2445,3,76.611,13247.13214436119
6650,,,,2074.0,5764.243491828861,71.029724828746,2446,3,76.595,14129.867014550839
6651,,,,2071.0,5765.243491828861,72.029724828746,2447,3,76.581,12363.357119457572
6652,,,,2068.0,5766.243491828861,73.029724828746,2448,3,76.566,13246.24338064722
6653,,,,2066.0,5767.243491828861,74.029724828746,2449,3,76.551,13245.945326075898
6654,,,,2065.0,5768.243491828861,75.029724828746,2450,3,76.536,13245.646371504574
6655,,,,2064.0,5769.243491828861,76.029724828746,2451,3,76.524,10596.484906312307
6656,,,,2062.0,5770.243491828861,77.029724828746,2452,3,76.51,12362.608195395816
6657,,,,2059.0,5771.243491828861,78.029724828746,2453,3,76.498,10596.557090373406
6658,,,,2055.0,5772.243491828861,79.029724828746,2454,3,76.485,11479.716639440529
6659,,,,2049.0,5773.243491828861,80.029724828746,2455,3,76.47,13245.696874390753
6660,,,,2047.0,5774.243491828861,81.029724828746,2456,3,76.455,13245.39278981943
6661,,,,2045.0,5775.243491828861,82.029724828746,2457,3,76.439,14128.001255039628
6662,,,,2043.0,5776.243491828861,83.029724828746,2458,3,76.425,12361.715591885262
6663,,,,2041.0,5777.243491828861,84.029724828746,2459,3,76.41,13244.47513610546
6664,,,,2039.0,5778.243491828861,85.029724828746,2460,3,76.397,11478.428692318676
6665,,,,2036.0,5779.243491828861,86.029724828746,2461,3,76.382,13244.205621572326
6666,,,,2033.0,5780.243491828861,87.029724828746,2462,3,76.368,12361.050707284852
6667,,,,2031.0,5781.243491828861,88.029724828746,2463,3,76.354,12360.922959823507
6668,,,,2030.0,5782.243491828861,89.029724828746,2464,3,76.34,12360.794428374711
6669,,,,2027.0,5783.243491828861,90.029724828746,2465,3,76.328,10594.994608926745
6670,,,,2025.0,5784.243491828861,91.029724828746,2466,3,76.314,12360.858931125207
6671,,,,2021.0,5785.243491828861,92.029724828746,2467,3,76.3,12360.728103663861
6672,,,,2017.0,5786.243491828861,93.029724828746,2468,3,76.285,13243.409448011102
6673,,,,2013.0,5787.243491828861,94.029724828746,2469,3,76.268,15008.643058948846
6674,,,,2010.0,5788.243491828861,95.029724828746,2470,3,76.251,15007.89085521057
6675,,,,2007.0,5789.243491828861,96.029724828746,2471,3,76.235,14124.457329524968
6676,,,,2005.0,5790.243491828861,97.029724828746,2472,3,76.22,13241.273573202036
6677,,,,2002.0,5791.243491828861,98.029724828746,2473,3,76.202,15888.832479208297
6678,,,,1999.0,5792.243491828861,99.029724828746,2474,3,76.188,12357.519800073489
6679,,,,1993.0,5793.243491828861,100.029724828746,2475,3,76.172,14122.53725464544
6680,,,,1989.0,5794.243491828861,101.029724828746,2476,3,76.154,15887.050814454416
6681,,,,1984.0,5795.243491828861,102.029724828746,2477,3,76.139,13238.625256516892
6682,,,,1981.0,5796.243491828861,103.029724828746,2478,3,76.121,15885.648613186124
6683,,,,1978.0,5797.243491828861,104.029724828746,2479,3,76.103,15884.632679403418
6684,,,,1974.0,5798.243491828861,105.029724828746,2480,3,76.088,13236.607128974392
6685,,,,1973.0,5799.243491828861,106.029724828746,2481,3,76.073,13236.28033440307
6686,,,,1972.0,5800.243491828861,107.029724828746,2482,3,76.059,12353.637000581004
6687,,,,1971.0,5801.243491828861,108.029724828746,2483,3,76.045,12353.492761132207
6688,,,,1968.0,5802.243491828861,109.029724828746,2484,3,76.031,12353.34773768341
6689,,,,1964.0,5803.243491828861,110.029724828746,2485,3,76.019,10588.598075191341
6690,,,,1959.0,5804.243491828861,111.029724828746,2486,3,76.007,10588.751053065695
6691,,,,1954.0,5805.243491828861,112.029724828746,2487,3,75.995,10588.903454940048
6692,,,,1949.0,5806.243491828861,113.029724828746,2488,3,75.981,12353.73525280739
6693,,,,1945.0,5807.243491828861,114.029724828746,2489,3,75.966,13235.898402794299
6694,,,,1941.0,5808.243491828861,115.029724828746,2490,3,75.952,12353.274287079485
6695,,,,1938.0,5809.243491828861,116.029724828746,2491,3,75.939,11470.833441830522
6696,,,,1933.0,5810.243491828861,117.029724828746,2492,3,75.925,12353.135446999662
6697,,,,1927.0,5811.243491828861,118.029724828746,2493,3,75.911,12352.983535550866
6698,,,,1923.0,5812.243491828861,119.029724828746,2494,3,75.899,10588.280213934873
6699,,,,1916.0,5813.243491828861,120.029724828746,2495,3,75.884,13235.273053804402
6700,,,,1912.0,5814.243491828861,121.029724828746,2496,3,75.868,14117.169253956927
6701,,,,1907.0,5815.243491828861,122.029724828746,2497,3,75.852,14116.619881276572
6702,,,,1900.0,5816.243491828861,123.029724828746,2498,3,75.836,14116.069484621294
6703,,,,1894.0,5817.243491828861,124.029724828746,2499,3,75.818,15879.748401177254
6704,,,,1888.0,5818.243491828861,125.029724828746,2500,3,75.8,15878.70795139455
6705,,,,1884.0,5819.243491828861,126.029724828746,2501,3,75.784,14113.667287438355
6706,,,,1878.0,5820.243491828861,127.029724828746,2502,3,75.766,15877.042221360553
6707,,,,1874.0,5821.243491828861,128.029724828746,2503,3,75.748,15875.997955577846
6708,,,,1870.0,5822.243491828861,129.029724828746,2504,3,75.729,16756.78357082826
6709,,,,1867.0,5823.243491828861,130.029724828746,2505,3,75.711,15873.69589924673
6710,,,,1865.0,5824.243491828861,131.029724828746,2506,3,75.694,14990.932959962318
6711,,,,1863.0,5825.243491828861,132.029724828746,2507,3,75.677,14990.139854224042
6712,,,,1858.0,5826.243491828861,133.029724828746,2508,3,75.66,14989.345592498295
6713,,,,1855.0,5827.243491828861,134.029724828746,2509,3,75.644,14106.963988594965
6714,,,,1851.0,5828.243491828861,135.029724828746,2510,3,75.63,12343.263883769689
6715,,,,1848.0,5829.243491828861,136.029724828746,2511,3,75.613,14987.748648385823
6716,,,,1844.0,5830.243491828861,137.029724828746,2512,3,75.599,12342.438904406252
6717,,,,1839.0,5831.243491828861,138.029724828746,2513,3,75.584,13223.773272377943
6718,,,,1835.0,5832.243491828861,139.029724828746,2514,3,75.569,13223.416507806618
6719,,,,1830.0,5833.243491828861,140.029724828746,2515,3,75.553,14104.502767559288
6720,,,,1827.0,5834.243491828861,141.029724828746,2516,3,75.537,14103.933586878946
6721,,,,1824.0,5835.243491828861,142.029724828746,2517,3,75.523,12340.606346268167
6722,,,,1820.0,5836.243491828861,143.029724828746,2518,3,75.506,14984.51431156255
6723,,,,1814.0,5837.243491828861,144.029724828746,2519,3,75.491,13221.093833035738
6724,,,,1809.0,5838.243491828861,145.029724828746,2520,3,75.475,14102.020271803682
6725,,,,1807.0,5839.243491828861,146.029724828746,2521,3,75.458,14982.687145183885
6726,,,,1804.0,5840.243491828861,147.029724828746,2522,3,75.439,16744.2292215483
6727,,,,1803.0,5841.243491828861,148.029724828746,2523,3,75.423,14099.546810620755
6728,,,,1801.0,5842.243491828861,149.029724828746,2524,3,75.409,12336.761785029725
6729,,,,1798.0,5843.243491828861,150.029724828746,2525,3,75.397,10574.35413634532
6730,,,,1795.0,5844.243491828861,151.029724828746,2526,3,75.384,11455.611413243427
6731,,,,1789.0,5845.243491828861,152.029724828746,2527,3,75.371,11455.595873943186
6732,,,,1784.0,5846.243491828861,153.029724828746,2528,3,75.358,11455.579658630426
6733,,,,1780.0,5847.243491828861,154.029724828746,2529,3,75.345,11455.562767342712
6734,,,,1774.0,5848.243491828861,155.029724828746,2530,3,75.33,13217.761321970205
6735,,,,1771.0,5849.243491828861,156.029724828746,2531,3,75.315,13217.389287398883
6736,,,,1769.0,5850.243491828861,157.029724828746,2532,3,75.302,11454.899612106325
6737,,,,1767.0,5851.243491828861,158.029724828746,2533,3,75.29,10573.805519058304
6738,,,,1764.0,5852.243491828861,159.029724828746,2534,3,75.28,8811.723025651225
6739,,,,1759.0,5853.243491828861,160.029724828746,2535,3,75.267,11455.447223541281
6740,,,,1755.0,5854.243491828861,161.029724828746,2536,3,75.252,13217.623142199325
6741,,,,1751.0,5855.243491828861,162.029724828746,2537,3,75.241,9692.904746970002
6742,,,,1749.0,5856.243491828861,163.029724828746,2538,3,75.23,9693.142959044979
6743,,,,1747.0,5857.243491828861,164.029724828746,2539,3,75.218,10574.526826304424
6744,,,,1743.0,5858.243491828861,165.029724828746,2540,3,75.207,9693.489049850636
6745,,,,1739.0,5859.243491828861,166.029724828746,2541,3,75.195,10574.903275896932
6746,,,,1735.0,5860.243491828861,167.029724828746,2542,3,75.18,13218.511726244453
6747,,,,1730.0,5861.243491828861,168.029724828746,2543,3,75.168,10574.714838114229
6748,,,,1726.0,5862.243491828861,169.029724828746,2544,3,75.154,12337.138326510589
6749,,,,1722.0,5863.243491828861,170.029724828746,2545,3,75.14,12336.944443049268
6750,,,,1721.0,5864.243491828861,171.029724828746,2546,3,75.127,11455.629598231024
6751,,,,1720.0,5865.243491828861,172.029724828746,2547,3,75.111,14098.919227598337
6752,,,,1717.0,5866.243491828861,173.029724828746,2548,3,75.098,11455.113392638186
6753,,,,1714.0,5867.243491828861,174.029724828746,2549,3,75.085,11455.082981337948
6754,,,,1709.0,5868.243491828861,175.029724828746,2550,3,75.07,13217.19152273394
6755,,,,1707.0,5869.243491828861,176.029724828746,2551,3,75.055,13216.802688150095
6756,,,,1705.0,5870.243491828861,177.029724828746,2552,3,75.038,14978.401759133092
6757,,,,1705.0,5871.243491828861,178.029724828746,2553,3,75.02,15858.487006143994
6758,,,,1705.0,5872.243491828861,179.029724828746,2554,3,75.003,14976.516951365295
6759,,,,1702.0,5873.243491828861,180.029724828746,2555,3,74.986,14975.672607627019
6760,,,,1701.0,5874.243491828861,181.029724828746,2556,3,74.971,13213.258969563209
6761,,,,1697.0,5875.243491828861,182.029724828746,2557,3,74.956,13212.864464991886
6762,,,,1694.0,5876.243491828861,183.029724828746,2558,3,74.942,12331.720057143088
6763,,,,1691.0,5877.243491828861,184.029724828746,2559,3,74.93,10570.010839276383
6764,,,,1685.0,5878.243491828861,185.029724828746,2560,3,74.915,13212.380940496936
6765,,,,1681.0,5879.243491828861,186.029724828746,2561,3,74.902,11450.538088803825
6766,,,,1678.0,5880.243491828861,187.029724828746,2562,3,74.892,8808.25193615463
6767,,,,1678.0,5881.243491828861,188.029724828746,2563,3,74.879,11450.916347183193
6768,,,,1678.0,5882.243491828861,189.029724828746,2564,3,74.865,12331.629372174706
6769,,,,1676.0,5883.243491828861,190.029724828746,2565,3,74.852,11450.680356251929
6770,,,,1674.0,5884.243491828861,191.029724828746,2566,3,74.838,12331.373716094882
6771,,,,1672.0,5885.243491828861,192.029724828746,2567,3,74.828,8808.208524472571
6772,,,,1671.0,5886.243491828861,193.029724828746,2568,3,74.816,10570.092253095258
6773,,,,1670.0,5887.243491828861,194.029724828746,2569,3,74.804,10570.19245496961
6774,,,,1669.0,5888.243491828861,195.029724828746,2570,3,74.792,10570.292080843965
6775,,,,1668.0,5889.243491828861,196.029724828746,2571,3,74.779,11451.180498116955
6776,,,,1667.0,5890.243491828861,197.029724828746,2572,3,74.767,10570.348238748866
6777,,,,1668.0,5891.243491828861,198.029724828746,2573,3,74.756,9689.640406912189
6778,,,,1667.0,5892.243491828861,199.029724828746,2574,3,74.743,11451.498627208604
6779,,,,1667.0,5893.243491828861,200.029724828746,2575,3,74.732,9689.818280348503
6780,,,,1665.0,5894.243491828861,201.029724828746,2576,3,74.72,10570.877740090084
6781,,,,1664.0,5895.243491828861,202.029724828746,2577,3,74.706,12332.637156136567
6782,,,,1663.0,5896.243491828861,203.029724828746,2578,3,74.695,9689.951413158673
6783,,,,1662.0,5897.243491828861,204.029724828746,2579,3,74.682,11451.863034018044
6784,,,,1661.0,5898.243491828861,205.029724828746,2580,3,74.67,10570.973543899889
6785,,,,1660.0,5899.243491828861,206.029724828746,2581,3,74.656,12332.746071248006
6786,,,,1659.0,5900.243491828861,207.029724828746,2582,3,74.643,11451.70589012985
6787,,,,1662.0,5901.243491828861,208.029724828746,2583,3,74.63,11451.65215682961
6788,,,,1664.0,5902.243491828861,209.029724828746,2584,3,74.617,11451.597747516855
6789,,,,1664.0,5903.243491828861,210.029724828746,2585,3,74.604,11451.542662229134
6790,,,,1664.0,5904.243491828861,211.029724828746,2586,3,74.594,8809.01320494333
6791,,,,1664.0,5905.243491828861,212.029724828746,2587,3,74.584,8809.324136232446
6792,,,,1662.0,5906.243491828861,213.029724828746,2588,3,74.573,9690.533165626604
6793,,,,1661.0,5907.243491828861,214.029724828746,2589,3,74.561,10571.650210912745
6794,,,,1659.0,5908.243491828861,215.029724828746,2590,3,74.551,8809.900035540359
6795,,,,1658.0,5909.243491828861,216.029724828746,2591,3,74.54,9691.165235839018
6796,,,,1657.0,5910.243491828861,217.029724828746,2592,3,74.529,9691.374957926515
6797,,,,1656.0,5911.243491828861,218.029724828746,2593,3,74.519,8810.590199693068
6798,,,,1653.0,5912.243491828861,219.029724828746,2594,3,74.505,12334.926437777072
6799,,,,1653.0,5913.243491828861,220.029724828746,2595,3,74.494,9691.741037425287
6800,,,,1654.0,5914.243491828861,221.029724828746,2596,3,74.482,10572.964061264756
6801,,,,1653.0,5915.243491828861,222.029724828746,2597,3,74.47,10573.04818313911
6802,,,,1651.0,5916.243491828861,223.029724828746,2598,3,74.458,10573.131729013463
6803,,,,1647.0,5917.243491828861,224.029724828746,2599,3,74.447,9692.178563654736
6804,,,,1645.0,5918.243491828861,225.029724828746,2600,3,74.433,12335.513274885026
6805,,,,1645.0,5919.243491828861,226.029724828746,2601,3,74.421,10573.236848792722
6806,,,,1645.0,5920.243491828861,227.029724828746,2602,3,74.41,9692.273350464908
6807,,,,1644.0,5921.243491828861,228.029724828746,2603,3,74.398,10573.54081838523
6808,,,,1643.0,5922.243491828861,229.029724828746,2604,3,74.388,8811.469201744476
6809,,,,1643.0,5923.243491828861,230.029724828746,2605,3,74.378,8811.772413058632
6810,,,,1643.0,5924.243491828861,231.029724828746,2606,3,74.366,10574.348087383505
6811,,,,1643.0,5925.243491828861,232.029724828746,2607,3,74.356,8812.140625922226
6812,,,,1644.0,5926.243491828861,233.029724828746,2608,3,74.342,12337.087766467845
6813,,,,1644.0,5927.243491828861,234.029724828746,2609,3,74.331,9693.431788263588
6814,,,,1642.0,5928.243491828861,235.029724828746,2610,3,74.322,7931.260618117822
6815,,,,1640.0,5929.243491828861,236.029724828746,2611,3,74.31,10575.303824130488
6816,,,,1639.0,5930.243491828861,237.029724828746,2612,3,74.299,9694.16310584534
6817,,,,1637.0,5931.243491828861,238.029724828746,2613,3,74.286,11456.819585038696
6818,,,,1635.0,5932.243491828861,239.029724828746,2614,3,74.273,11456.746091738458
6819,,,,1633.0,5933.243491828861,240.029724828746,2615,3,74.26,11456.671922425696
6820,,,,1633.0,5934.243491828861,241.029724828746,2616,3,74.248,10575.391589814648
6821,,,,1634.0,5935.243491828861,242.029724828746,2617,3,74.234,12337.875538161077
6822,,,,1635.0,5936.243491828861,243.029724828746,2618,3,74.22,12337.627278699756
6823,,,,1634.0,5937.243491828861,244.029724828746,2619,3,74.209,9693.850256731519
6824,,,,1635.0,5938.243491828861,245.029724828746,2620,3,74.2,7931.599005409766
6825,,,,1637.0,5939.243491828861,246.029724828746,2621,3,74.193,6169.39511638513
6826,,,,1639.0,5940.243491828861,247.029724828746,2622,3,74.185,7051.2115906407535
6827,,,,1638.0,5941.243491828861,248.029724828746,2623,3,74.177,7051.6381354738
6828,,,,1638.0,5942.243491828861,249.029724828746,2624,3,74.167,8814.961685523116
6829,,,,1639.0,5943.243491828861,250.029724828746,2625,3,74.156,9696.716748820045
6830,,,,1640.0,5944.243491828861,251.029724828746,2626,3,74.146,8815.431983256547
6831,,,,1641.0,5945.243491828861,252.029724828746,2627,3,74.134,10578.728459621003
6832,,,,1640.0,5946.243491828861,253.029724828746,2628,3,74.123,9697.294435044978
6833,,,,1639.0,5947.243491828861,254.029724828746,2629,3,74.115,7052.859845942433
6834,,,,1638.0,5948.243491828861,255.029724828746,2630,3,74.103,10579.64104646308
6835,,,,1638.0,5949.243491828861,256.029724828746,2631,3,74.093,8816.54088514268
6836,,,,1638.0,5950.243491828861,257.029724828746,2632,3,74.082,9698.450623427876
6837,,,,1638.0,5951.243491828861,258.029724828746,2633,3,74.071,9698.640347490324
6838,,,,1639.0,5952.243491828861,259.029724828746,2634,3,74.06,9698.829587565302
6839,,,,1638.0,5953.243491828861,260.029724828746,2635,3,74.049,9699.01834364028
6840,,,,1637.0,5954.243491828861,261.029724828746,2636,3,74.039,8817.520102184035
6841,,,,1636.0,5955.243491828861,262.029724828746,2637,3,74.028,9699.525419147054
6842,,,,1635.0,5956.243491828861,263.029724828746,2638,3,74.015,11463.142018395272
6843,,,,1637.0,5957.243491828861,264.029724828746,2639,3,74.005,8817.91181660959
6844,,,,1637.0,5958.243491828861,265.029724828746,2640,3,73.994,9699.954864015166
6845,,,,1636.0,5959.243491828861,266.029724828746,2641,3,73.987,6172.983678154697
6846,,,,1634.0,5960.243491828861,267.029724828746,2642,3,73.979,7055.307108091683
6847,,,,1632.0,5961.243491828861,268.029724828746,2643,3,73.969,8819.540521295474
6848,,,,1629.0,5962.243491828861,269.029724828746,2644,3,73.956,11465.543290866273
6849,,,,1626.0,5963.243491828861,270.029724828746,2645,3,73.944,10583.564549298264
6850,,,,1627.0,5964.243491828861,271.029724828746,2646,3,73.931,11465.512582609119
6851,,,,1627.0,5965.243491828861,272.029724828746,2647,3,73.917,12347.290476915077
6852,,,,1627.0,5966.243491828861,273.029724828746,2648,3,73.902,13228.862200780257
6853,,,,1628.0,5967.243491828861,274.029724828746,2649,3,73.891,9701.084991262682
6854,,,,1630.0,5968.243491828861,275.029724828746,2650,3,73.882,7937.507209662538
6855,,,,1631.0,5969.243491828861,276.029724828746,2651,3,73.875,6173.982574359511
6856,,,,1631.0,5970.243491828861,277.029724828746,2652,3,73.866,7938.44769353689
6857,,,,1630.0,5971.243491828861,278.029724828746,2653,3,73.857,7938.810021091214
6858,,,,1631.0,5972.243491828861,279.029724828746,2654,3,73.843,12349.405092400008
6859,,,,1631.0,5973.243491828861,280.029724828746,2655,3,73.832,9703.086059222822
6860,,,,1631.0,5974.243491828861,281.029724828746,2656,3,73.821,9703.264717285263
6861,,,,1632.0,5975.243491828861,282.029724828746,2657,3,73.809,10585.502360384738
6862,,,,1634.0,5976.243491828861,283.029724828746,2658,3,73.8,7939.325930268597
6863,,,,1635.0,5977.243491828861,284.029724828746,2659,3,73.791,7939.6860978229215
6864,,,,1635.0,5978.243491828861,285.029724828746,2660,3,73.78,9704.369073655635
6865,,,,1636.0,5979.243491828861,286.029724828746,2661,3,73.77,8822.373772197998
6866,,,,1636.0,5980.243491828861,287.029724828746,2662,3,73.761,7940.441723337333
6867,,,,1636.0,5981.243491828861,288.029724828746,2663,3,73.751,8823.051899658565
6868,,,,1634.0,5982.243491828861,289.029724828746,2664,3,73.74,9705.597823395363
6869,,,,1633.0,5983.243491828861,290.029724828746,2665,3,73.729,9705.7722794578
6870,,,,1633.0,5984.243491828861,291.029724828746,2666,3,73.715,12352.771163725292
6871,,,,1633.0,5985.243491828861,292.029724828746,2667,3,73.702,11470.246317858771
6872,,,,1633.0,5986.243491828861,293.029724828746,2668,3,73.687,13234.59663025796
6873,,,,1633.0,5987.243491828861,294.029724828746,2669,3,73.673,12351.922813378902
6874,,,,1633.0,5988.243491828861,295.029724828746,2670,3,73.658,13233.80852842007
6875,,,,1634.0,5989.243491828861,296.029724828746,2671,3,73.643,13233.323333848748
6876,,,,1636.0,5990.243491828861,297.029724828746,2672,3,73.627,14114.930544670895
6877,,,,1638.0,5991.243491828861,298.029724828746,2673,3,73.609,15878.281081733056
6878,,,,1638.0,5992.243491828861,299.029724828746,2674,3,73.597,10585.130345498312
6879,,,,1638.0,5993.243491828861,300.029724828746,2675,3,73.582,13231.1937582587
6880,,,,1638.0,5994.243491828861,301.029724828746,2676,3,73.571,9702.780038080205
6881,,,,1638.0,5995.243491828861,302.029724828746,2677,3,73.56,9702.947872155182
6882,,,,1639.0,5996.243491828861,303.029724828746,2678,3,73.556,3528.573430179891
6883,,,,1639.0,5997.243491828861,304.029724828746,2679,3,73.547,7939.9125844068085
6910,,,,1639.0,6024.243491828861,331.029724828746,2706,3,73.535,10632.693375182473
6911,,,,1638.0,6025.243491828861,332.029724828746,2707,3,73.523,10632.723089056826
6912,,,,1637.0,6026.243491828861,333.029724828746,2708,3,73.511,10632.75222693118
6913,,,,1637.0,6027.243491828861,334.029724828746,2709,3,73.499,10632.780788805532
6914,,,,1635.0,6028.243491828861,335.029724828746,2710,3,73.489,8860.794543761347
6915,,,,1633.0,6029.243491828861,336.029724828746,2711,3,73.478,9747.098110908499
6916,,,,1632.0,6030.243491828861,337.029724828746,2712,3,73.47,7089.0577650942105
6917,,,,1632.0,6031.243491828861,338.029724828746,2713,3,73.46,8861.70606254868
6918,,,,1629.0,6032.243491828861,339.029724828746,2714,3,73.45,8861.96891383772
6919,,,,1627.0,6033.243491828861,340.029724828746,2715,3,73.437,11520.665478200091
6920,,,,1628.0,6034.243491828861,341.029724828746,2716,3,73.425,10634.412812364044
6921,,,,1629.0,6035.243491828861,342.029724828746,2717,3,73.414,9748.30031005941
6922,,,,1630.0,6036.243491828861,343.029724828746,2718,3,73.407,6203.731140001069
6923,,,,1629.0,6037.243491828861,344.029724828746,2719,3,73.401,5317.893855290669
6924,,,,1627.0,6038.243491828861,345.029724828746,2720,3,73.392,7977.346892064607
6925,,,,1624.0,6039.243491828861,346.029724828746,2721,3,73.382,8864.03924268883
6926,,,,1621.0,6040.243491828861,347.029724828746,2722,3,73.369,11523.353044706539
6927,,,,1618.0,6041.243491828861,348.029724828746,2723,3,73.356,11523.2188674063
6928,,,,1618.0,6042.243491828861,349.029724828746,2724,3,73.345,9750.434787438813
6929,,,,1617.0,6043.243491828861,350.029724828746,2725,3,73.332,11523.262733467398
6930,,,,1616.0,6044.243491828861,351.029724828746,2726,3,73.319,11523.126580154565
6931,,,,1617.0,6045.243491828861,352.029724828746,2727,3,73.309,8864.019627203357
6932,,,,1618.0,6046.243491828861,353.029724828746,2728,3,73.299,8864.276658492394
6933,,,,1619.0,6047.243491828861,354.029724828746,2729,3,73.29,7978.134386013611
6934,,,,1619.0,6048.243491828861,355.029724828746,2730,3,73.28,8864.910485978096
6935,,,,1619.0,6049.243491828861,356.029724828746,2731,3,73.269,9751.616429320477
6936,,,,1618.0,6050.243491828861,357.029724828746,2732,3,73.259,8865.30078371153
6937,,,,1615.0,6051.243491828861,358.029724828746,2733,3,73.248,9752.04483282725
6938,,,,1615.0,6052.243491828861,359.029724828746,2734,3,73.235,11525.160184381008
6939,,,,1617.0,6053.243491828861,360.029724828746,2735,3,73.222,11525.018467080768
6940,,,,1618.0,6054.243491828861,361.029724828746,2736,3,73.213,7978.978311533935
6941,,,,1619.0,6055.243491828861,362.029724828746,2737,3,73.202,9752.363234413519
6942,,,,1620.0,6056.243491828861,363.029724828746,2738,3,73.192,8865.977097432478
6943,,,,1620.0,6057.243491828861,364.029724828746,2739,3,73.18,10639.330132619492
6944,,,,1621.0,6058.243491828861,365.029724828746,2740,3,73.171,7979.669939454114
6945,,,,1622.0,6059.243491828861,366.029724828746,2741,3,73.165,5320.112733721811
6946,,,,1622.0,6060.243491828861,367.029724828746,2742,3,73.163,1773.5666193531356
8354,,,,2075.0,7468.243491828861,1775.029724828746,4150,3,73.162,1092.7907289315465
8355,,,,2070.0,7469.243491828861,1776.029724828746,4151,3,73.15,13114.07944531807
8356,,,,2064.0,7470.243491828861,1777.029724828746,4152,3,73.137,14206.393625964907
8357,,,,2058.0,7471.243491828861,1778.029724828746,4153,3,73.123,15298.417023603854
8358,,,,2052.0,7472.243491828861,1779.029724828746,4154,3,73.108,16390.104570805015
8359,,,,2048.0,7473.243491828861,1780.029724828746,4155,3,73.093,16388.93507623369
8360,,,,2044.0,7474.243491828861,1781.029724828746,4156,3,73.078,16387.764681662367
8361,,,,2042.0,7475.243491828861,1782.029724828746,4157,3,73.066,13109.543818438542
8362,,,,2040.0,7476.243491828861,1783.029724828746,4158,3,73.055,12016.797927960057
8363,,,,2038.0,7477.243491828861,1784.029724828746,4159,3,73.046,9831.894762597569
8364,,,,2036.0,7478.243491828861,1785.029724828746,4160,3,73.039,7647.214403532199
8365,,,,2034.0,7479.243491828861,1786.029724828746,4161,3,73.033,6555.0483320308
8366,,,,2032.0,7480.243491828861,1787.029724828746,4162,3,73.027,6555.386186499389
8367,,,,2029.0,7481.243491828861,1788.029724828746,4163,3,73.023,4370.542447931762
8368,,,,2026.0,7482.243491828861,1789.029724828746,4164,3,73.019,4370.887216124495
8369,,,,2021.0,7483.243491828861,1790.029724828746,4165,3,73.012,7649.498712492289
8370,,,,2017.0,7484.243491828861,1791.029724828746,4166,3,73.005,7649.78747363009
8371,,,,2013.0,7485.243491828861,1792.029724828746,4167,3,72.996,9835.677315454921
8372,,,,2010.0,7486.243491828861,1793.029724828746,4168,3,72.986,10928.567974231668
8373,,,,2007.0,7487.243491828861,1794.029724828746,4169,3,72.975,12021.301020429964
8374,,,,2004.0,7488.243491828861,1795.029724828746,4170,3,72.965,10928.342551965101
8375,,,,2003.0,7489.243491828861,1796.029724828746,4171,3,72.951,15299.206346962734
8376,,,,2001.0,7490.243491828861,1797.029724828746,4172,3,72.94,12020.350245925727
8377,,,,2000.0,7491.243491828861,1798.029724828746,4173,3,72.926,15298.048124502924
8378,,,,1996.0,7492.243491828861,1799.029724828746,4174,3,72.914,13112.025490180351
8379,,,,1993.0,7493.243491828861,1800.029724828746,4175,3,72.899,16389.184699111247
8380,,,,1992.0,7494.243491828861,1801.029724828746,4176,3,72.883,17480.412875618556
8381,,,,1990.0,7495.243491828861,1802.029724828746,4177,3,72.869,15294.254211889966
8382,,,,1988.0,7496.243491828861,1803.029724828746,4178,3,72.853,17477.8815058664
8383,,,,1987.0,7497.243491828861,1804.029724828746,4179,3,72.838,16384.213523521197
8384,,,,1985.0,7498.243491828861,1805.029724828746,4180,3,72.824,15290.928009090263
8385,,,,1985.0,7499.243491828861,1806.029724828746,4181,3,72.809,16382.059911683307
8386,,,,1985.0,7500.243491828861,1807.029724828746,4182,3,72.796,14196.948397150829
8387,,,,1985.0,7501.243491828861,1808.029724828746,4183,3,72.782,15288.224350759392
8388,,,,1984.0,7502.243491828861,1809.029724828746,4184,3,72.769,14195.467552219567
8389,,,,1984.0,7503.243491828861,1810.029724828746,4185,3,72.755,15286.628082679568
8390,,,,1983.0,7504.243491828861,1811.029724828746,4186,3,72.741,15285.723755215255
8391,,,,1981.0,7505.243491828861,1812.029724828746,4187,3,72.728,14193.143451672793
8392,,,,1980.0,7506.243491828861,1813.029724828746,4188,3,72.717,12009.201431354819
8393,,,,1979.0,7507.243491828861,1814.029724828746,4189,3,72.703,15283.846880139949
8394,,,,1976.0,7508.243491828861,1815.029724828746,4190,3,72.691,13099.842651012083
8395,,,,1974.0,7509.243491828861,1816.029724828746,4191,3,72.677,15282.451910877899
8396,,,,1973.0,7510.243491828861,1817.029724828746,4192,3,72.664,14190.101891502389
8397,,,,1972.0,7511.243491828861,1818.029724828746,4193,3,72.65,15280.843714798077
8398,,,,1971.0,7512.243491828861,1819.029724828746,4194,3,72.637,14188.607162571125
8399,,,,1968.0,7513.243491828861,1820.029724828746,4195,3,72.625,13096.665313321024
8400,,,,1966.0,7514.243491828861,1821.029724828746,4196,3,72.613,13096.244355195377
8401,,,,1964.0,7515.243491828861,1822.029724828746,4197,3,72.603,10913.335989099782
8402,,,,1962.0,7516.243491828861,1823.029724828746,4198,3,72.592,12004.530711752292
8403,,,,1958.0,7517.243491828861,1824.029724828746,4199,3,72.58,13095.51926634985
8404,,,,1951.0,7518.243491828861,1825.029724828746,4200,3,72.568,13095.096076224201
8405,,,,1945.0,7519.243491828861,1826.029724828746,4201,3,72.555,14185.797252431037
8406,,,,1940.0,7520.243491828861,1827.029724828746,4202,3,72.54,16367.24594170425
8407,,,,1938.0,7521.243491828861,1828.029724828746,4203,3,72.524,17456.986654384422
8408,,,,1936.0,7522.243491828861,1829.029724828746,4204,3,72.51,15273.734876310109
8409,,,,1935.0,7523.243491828861,1830.029724828746,4205,3,72.496,15272.816240876815
8410,,,,1933.0,7524.243491828861,1831.029724828746,4206,3,72.482,15271.896821412514
8411,,,,1931.0,7525.243491828861,1832.029724828746,4207,3,72.469,14180.290401998811
8412,,,,1928.0,7526.243491828861,1833.029724828746,4208,3,72.455,15270.266365332693
8413,,,,1926.0,7527.243491828861,1834.029724828746,4209,3,72.441,15269.344621883896
8414,,,,1922.0,7528.243491828861,1835.029724828746,4210,3,72.427,15268.422094435102
8415,,,,1920.0,7529.243491828861,1836.029724828746,4211,3,72.413,15267.498783001802
8416,,,,1918.0,7530.243491828861,1837.029724828746,4212,3,72.399,15266.574687537506
8417,,,,1917.0,7531.243491828861,1838.029724828746,4213,3,72.384,16355.940397162489
8418,,,,1916.0,7532.243491828861,1839.029724828746,4214,3,72.371,14174.28878658163
8419,,,,1913.0,7533.243491828861,1840.029724828746,4215,3,72.357,15263.797697191116
8420,,,,1911.0,7534.243491828861,1841.029724828746,4216,3,72.343,15262.87046574232
8421,,,,1909.0,7535.243491828861,1842.029724828746,4217,3,72.328,16351.968168096217
8422,,,,1908.0,7536.243491828861,1843.029724828746,4218,3,72.314,15260.802636042446
8423,,,,1906.0,7537.243491828861,1844.029724828746,4219,3,72.3,15259.873024578159
8424,,,,1906.0,7538.243491828861,1845.029724828746,4220,3,72.286,15258.942629129362
8425,,,,1905.0,7539.243491828861,1846.029724828746,4221,3,72.271,16347.75632172519
8426,,,,1904.0,7540.243491828861,1847.029724828746,4222,3,72.256,16346.531567153866
8427,,,,1902.0,7541.243491828861,1848.029724828746,4223,3,72.243,14166.12786324082
8428,,,,1899.0,7542.243491828861,1849.029724828746,4224,3,72.23,14165.457071925097
8429,,,,1896.0,7543.243491828861,1850.029724828746,4225,3,72.216,15254.278891900864
8430,,,,1894.0,7544.243491828861,1851.029724828746,4226,3,72.202,15253.343792436583
8431,,,,1890.0,7545.243491828861,1852.029724828746,4227,3,72.189,14163.04828937829
8432,,,,1887.0,7546.243491828861,1853.029724828746,4228,3,72.176,14162.374742062571
8433,,,,1884.0,7547.243491828861,1854.029724828746,4229,3,72.163,14161.700518777814
8434,,,,1880.0,7548.243491828861,1855.029724828746,4230,3,72.15,14161.025619462096
8435,,,,1877.0,7549.243491828861,1856.029724828746,4231,3,72.137,14160.350044177338
8436,,,,1874.0,7550.243491828861,1857.029724828746,4232,3,72.122,16337.858638316713
8437,,,,1870.0,7551.243491828861,1858.029724828746,4233,3,72.107,16336.624463745391
8438,,,,1867.0,7552.243491828861,1859.029724828746,4234,3,72.094,14157.53382895347
8439,,,,1863.0,7553.243491828861,1860.029724828746,4235,3,72.079,16334.606609212253
8440,,,,1861.0,7554.243491828861,1861.029724828746,4236,3,72.063,17422.140246377476
8441,,,,1857.0,7555.243491828861,1862.029724828746,4237,3,72.047,17420.578233725133
8442,,,,1855.0,7556.243491828861,1863.029724828746,4238,3,72.031,17419.015197041845
8443,,,,1853.0,7557.243491828861,1864.029724828746,4239,3,72.015,17417.4511363895
8444,,,,1851.0,7558.243491828861,1865.029724828746,4240,3,72.001,15239.111926064576
8445,,,,1849.0,7559.243491828861,1866.029724828746,4241,3,71.986,16326.491889870053
8446,,,,1848.0,7560.243491828861,1867.029724828746,4242,3,71.971,16325.249585298729
8447,,,,1844.0,7561.243491828861,1868.029724828746,4243,3,71.955,17412.152492885187
8448,,,,1840.0,7562.243491828861,1869.029724828746,4244,3,71.94,16322.535408851327
8449,,,,1837.0,7563.243491828861,1870.029724828746,4245,3,71.923,18497.20527390013
8450,,,,1835.0,7564.243491828861,1871.029724828746,4246,3,71.906,18495.278812161854
8451,,,,1835.0,7565.243491828861,1872.029724828746,4247,3,71.889,18493.351194439034
8452,,,,1834.0,7566.243491828861,1873.029724828746,4248,3,71.873,17403.812749947167
8453,,,,1832.0,7567.243491828861,1874.029724828746,4249,3,71.859,15227.170581956523
8454,,,,1829.0,7568.243491828861,1875.029724828746,4250,3,71.843,17401.14762019501
8455,,,,1825.0,7569.243491828861,1876.029724828746,4251,3,71.827,17399.57139954265
8456,,,,1821.0,7570.243491828861,1877.029724828746,4252,3,71.81,18485.240095404526
8457,,,,1817.0,7571.243491828861,1878.029724828746,4253,3,71.792,19570.422742445688
8458,,,,1816.0,7572.243491828861,1879.029724828746,4254,3,71.776,17394.109658163983
8459,,,,1816.0,7573.243491828861,1880.029724828746,4255,3,71.758,19566.32276441169
8460,,,,1815.0,7574.243491828861,1881.029724828746,4256,3,71.743,16303.672729814618
8461,,,,1812.0,7575.243491828861,1882.029724828746,4257,3,71.726,18475.814344991864
8462,,,,1810.0,7576.243491828861,1883.029724828746,4258,3,71.711,16300.704566062463
8463,,,,1806.0,7577.243491828861,1884.029724828746,4259,3,71.695,17385.95488303316
8464,,,,1803.0,7578.243491828861,1885.029724828746,4260,3,71.679,17384.3693183499
8465,,,,1802.0,7579.243491828861,1886.029724828746,4261,3,71.664,16296.472497738983
8466,,,,1800.0,7580.243491828861,1887.029724828746,4262,3,71.65,15208.97022102689
8467,,,,1798.0,7581.243491828861,1888.029724828746,4263,3,71.635,16294.177105901093
8468,,,,1796.0,7582.243491828861,1889.029724828746,4264,3,71.62,16292.91437132977
8469,,,,1793.0,7583.243491828861,1890.029724828746,4265,3,71.605,16291.650736758447
8470,,,,1790.0,7584.243491828861,1891.029724828746,4266,3,71.589,17376.290601108874
8471,,,,1787.0,7585.243491828861,1892.029724828746,4267,3,71.573,17374.698060441056
8472,,,,1784.0,7586.243491828861,1893.029724828746,4268,3,71.558,16287.399258419537
8473,,,,1783.0,7587.243491828861,1894.029724828746,4269,3,71.543,16286.131963863647
8474,,,,1781.0,7588.243491828861,1895.029724828746,4270,3,71.528,16284.863769292322
8475,,,,1779.0,7589.243491828861,1896.029724828746,4271,3,71.514,15198.127945825436
8476,,,,1777.0,7590.243491828861,1897.029724828746,4272,3,71.5,15197.15515836121
8477,,,,1773.0,7591.243491828861,1898.029724828746,4273,3,71.485,16281.509260187862
8478,,,,1769.0,7592.243491828861,1899.029724828746,4274,3,71.47,16280.23752561654
8479,,,,1765.0,7593.243491828861,1900.029724828746,4275,3,71.455,16278.964891045216
8480,,,,1764.0,7594.243491828861,1901.029724828746,4276,3,71.442,14107.529959279967
8481,,,,1762.0,7595.243491828861,1902.029724828746,4277,3,71.429,14106.820427964309
8482,,,,1759.0,7596.243491828861,1903.029724828746,4278,3,71.414,16276.053136550267
8483,,,,1758.0,7597.243491828861,1904.029724828746,4279,3,71.399,16274.777021978944
8484,,,,1757.0,7598.243491828861,1905.029724828746,4280,3,71.386,14103.897560755864
8485,,,,1755.0,7599.243491828861,1906.029724828746,4281,3,71.372,15187.9392336865
8486,,,,1754.0,7600.243491828861,1907.029724828746,4282,3,71.358,15186.958550237703
8487,,,,1751.0,7601.243491828861,1908.029724828746,4283,3,71.344,15185.977082804322
8488,,,,1749.0,7602.243491828861,1909.029724828746,4284,3,71.33,15184.99483134011
8489,,,,1748.0,7603.243491828861,1910.029724828746,4285,3,71.317,14099.538366931522
8490,,,,1748.0,7604.243491828861,1911.029724828746,4286,3,71.304,14098.82254361587
8491,,,,1746.0,7605.243491828861,1912.029724828746,4287,3,71.29,15182.469266629263
8492,,,,1745.0,7606.243491828861,1913.029724828746,4288,3,71.277,14097.19110670002
8493,,,,1744.0,7607.243491828861,1914.029724828746,4289,3,71.262,16264.933201227526
8494,,,,1740.0,7608.243491828861,1915.029724828746,4290,3,71.249,14095.359047437965
8495,,,,1738.0,7609.243491828861,1916.029724828746,4291,3,71.234,16262.817606694389
8496,,,,1736.0,7610.243491828861,1917.029724828746,4292,3,71.22,15177.534769385278
8497,,,,1733.0,7611.243491828861,1918.029724828746,4293,3,71.205,16260.470314856499
8498,,,,1731.0,7612.243491828861,1919.029724828746,4294,3,71.189,17343.00479641345
8499,,,,1727.0,7613.243491828861,1920.029724828746,4295,3,71.175,15173.925150585575
8500,,,,1725.0,7614.243491828861,1921.029724828746,4296,3,71.16,16256.60021114253
8501,,,,1721.0,7615.243491828861,1922.029724828746,4297,3,71.144,17338.87375776982
8502,,,,1718.0,7616.243491828861,1923.029724828746,4298,3,71.128,17337.2511051174
8503,,,,1714.0,7617.243491828861,1924.029724828746,4299,3,71.112,17335.627428449585
8504,,,,1711.0,7618.243491828861,1925.029724828746,4300,3,71.096,17334.002727766372
8505,,,,1709.0,7619.243491828861,1926.029724828746,4301,3,71.079,18415.521038674022
8506,,,,1707.0,7620.243491828861,1927.029724828746,4302,3,71.063,17330.506406639
8507,,,,1707.0,7621.243491828861,1928.029724828746,4303,3,71.045,19494.714062463423
8508,,,,1706.0,7622.243491828861,1929.029724828746,4304,3,71.031,15161.130128826528
8509,,,,1702.0,7623.243491828861,1930.029724828746,4305,3,71.015,17325.619920650945
8510,,,,1700.0,7624.243491828861,1931.029724828746,4306,3,71.0,16241.35409238175
8511,,,,1698.0,7625.243491828861,1932.029724828746,4307,3,70.985,16240.052957810427
8512,,,,1697.0,7626.243491828861,1933.029724828746,4308,3,70.971,15156.274295760255
8513,,,,1696.0,7627.243491828861,1934.029724828746,4309,3,70.957,15155.271800326842
8514,,,,1694.0,7628.243491828861,1935.029724828746,4310,3,70.942,16236.601848705966
8515,,,,1692.0,7629.243491828861,1936.029724828746,4311,3,70.928,15153.050838596093
8516,,,,1690.0,7630.243491828861,1937.029724828746,4312,3,70.913,16234.220506868076
8517,,,,1688.0,7631.243491828861,1938.029724828746,4313,3,70.899,15150.82662888073
8518,,,,1686.0,7632.243491828861,1939.029724828746,4314,3,70.884,16231.835685030186
8519,,,,1684.0,7633.243491828861,1940.029724828746,4315,3,70.868,17312.440503265378
8520,,,,1683.0,7634.243491828861,1941.029724828746,4316,3,70.854,15147.163586081026
8521,,,,1682.0,7635.243491828861,1942.029724828746,4317,3,70.84,15146.15467863223
8522,,,,1680.0,7636.243491828861,1943.029724828746,4318,3,70.826,15145.144987198806
8523,,,,1678.0,7637.243491828861,1944.029724828746,4319,3,70.813,14062.509902199208
8524,,,,1674.0,7638.243491828861,1945.029724828746,4320,3,70.798,16224.889486821268
8525,,,,1672.0,7639.243491828861,1946.029724828746,4321,3,70.784,15142.111208837045
8526,,,,1670.0,7640.243491828861,1947.029724828746,4322,3,70.769,16222.490804983378
8527,,,,1668.0,7641.243491828861,1948.029724828746,4323,3,70.755,15139.870815137047
8528,,,,1667.0,7642.243491828861,1949.029724828746,4324,3,70.741,15138.856391672882
8529,,,,1667.0,7643.243491828861,1950.029724828746,4325,3,70.727,15137.841184224086
8530,,,,1668.0,7644.243491828861,1951.029724828746,4326,3,70.714,14055.722768466612
8531,,,,1667.0,7645.243491828861,1952.029724828746,4327,3,70.701,14054.977409166371
8532,,,,1665.0,7646.243491828861,1953.029724828746,4328,3,70.688,14054.231373850771
8533,,,,1664.0,7647.243491828861,1954.029724828746,4329,3,70.676,12972.539147747233
8534,,,,1661.0,7648.243491828861,1955.029724828746,4330,3,70.661,16214.69685606985
8535,,,,1659.0,7649.243491828861,1956.029724828746,4331,3,70.647,15132.590190802392
8536,,,,1658.0,7650.243491828861,1957.029724828746,4332,3,70.632,16212.28125423196
8537,,,,1658.0,7651.243491828861,1958.029724828746,4333,3,70.62,12969.041348494215
8538,,,,1656.0,7652.243491828861,1959.029724828746,4334,3,70.607,14049.144091072341
8539,,,,1653.0,7653.243491828861,1960.029724828746,4335,3,70.593,15128.931734642747
8540,,,,1651.0,7654.243491828861,1961.029724828746,4336,3,70.579,15127.908071209305
8541,,,,1648.0,7655.243491828861,1962.029724828746,4337,3,70.563,17287.622030769762
8542,,,,1647.0,7656.243491828861,1963.029724828746,4338,3,70.549,15125.429642660816
8543,,,,1645.0,7657.243491828861,1964.029724828746,4339,3,70.534,16204.603253365984
8544,,,,1643.0,7658.243491828861,1965.029724828746,4340,3,70.519,16203.27328879466
8545,,,,1642.0,7659.243491828861,1966.029724828746,4341,3,70.502,18361.940999851293
8546,,,,1642.0,7660.243491828861,1967.029724828746,4342,3,70.486,17280.0385508059
8547,,,,1641.0,7661.243491828861,1968.029724828746,4343,3,70.469,18358.139798653458
8548,,,,1641.0,7662.243491828861,1969.029724828746,4344,3,70.454,16196.795093985591
8549,,,,1641.0,7663.243491828861,1970.029724828746,4345,3,70.439,16195.460479414267
8550,,,,1640.0,7664.243491828861,1971.029724828746,4346,3,70.423,17273.61066792638
8551,,,,1640.0,7665.243491828861,1972.029724828746,4347,3,70.409,15113.16200017285
8552,,,,1639.0,7666.243491828861,1973.029724828746,4348,3,70.394,16191.451235700302
8553,,,,1638.0,7667.243491828861,1974.029724828746,4349,3,70.379,16190.113021128978
8554,,,,1636.0,7668.243491828861,1975.029724828746,4350,3,70.362,18347.016373830178
8555,,,,1635.0,7669.243491828861,1976.029724828746,4351,3,70.346,17265.982611962518
8556,,,,1636.0,7670.243491828861,1977.029724828746,4352,3,70.33,17264.306775310037
8557,,,,1638.0,7671.243491828861,1978.029724828746,4353,3,70.314,17262.629914642217
8558,,,,1640.0,7672.243491828861,1979.029724828746,4354,3,70.298,17260.95202995907
8559,,,,1640.0,7673.243491828861,1980.029724828746,4355,3,70.282,17259.273121306585
8560,,,,1639.0,7674.243491828861,1981.029724828746,4356,3,70.266,17257.59318862344
8561,,,,1637.0,7675.243491828861,1982.029724828746,4357,3,70.251,16177.532846120355
8562,,,,1639.0,7676.243491828861,1983.029724828746,4358,3,70.236,16176.186291549031
8563,,,,1643.0,7677.243491828861,1984.029724828746,4359,3,70.222,15096.623729264962
8564,,,,1648.0,7678.243491828861,1985.029724828746,4360,3,70.212,10782.864465305136
8565,,,,1650.0,7679.243491828861,1986.029724828746,4361,3,70.203,9704.528774146715
8566,,,,1652.0,7680.243491828861,1987.029724828746,4362,3,70.194,9704.548309701036
8567,,,,1652.0,7681.243491828861,1988.029724828746,4363,3,70.186,8626.343691058704
8568,,,,1652.0,7682.243491828861,1989.029724828746,4364,3,70.177,9704.724689192539
8569,,,,1652.0,7683.243491828861,1990.029724828746,4365,3,70.168,9704.743270746862
8570,,,,1654.0,7684.243491828861,1991.029724828746,4366,3,70.16,8626.516165781426
8571,,,,1654.0,7685.243491828861,1992.029724828746,4367,3,70.153,7548.376990472951
8572,,,,1655.0,7686.243491828861,1993.029724828746,4368,3,70.142,11861.756837558096
8573,,,,1654.0,7687.243491828861,1994.029724828746,4369,3,70.132,10783.20393571821
8574,,,,1653.0,7688.243491828861,1995.029724828746,4370,3,70.119,14017.689893648005
8575,,,,1652.0,7689.243491828861,1996.029724828746,4371,3,70.106,14016.914192347764
8576,,,,1653.0,7690.243491828861,1997.029724828746,4372,3,70.089,18328.27266772369
8577,,,,1656.0,7691.243491828861,1998.029724828746,4373,3,70.074,16170.416423178742
8578,,,,1659.0,7692.243491828861,1999.029724828746,4374,3,70.06,15091.227892770705
8579,,,,1662.0,7693.243491828861,2000.029724828746,4375,3,70.046,15090.174017321908
8580,,,,1665.0,7694.243491828861,2001.029724828746,4376,3,70.031,16166.798184074285
8581,,,,1668.0,7695.243491828861,2002.029724828746,4377,3,70.016,16165.436479502961
8582,,,,1671.0,7696.243491828861,2003.029724828746,4378,3,70.002,15086.576697355289
8583,,,,1675.0,7697.243491828861,2004.029724828746,4379,3,69.988,15085.519629891178
8584,,,,1678.0,7698.243491828861,2005.029724828746,4380,3,69.977,11852.331153667437
8585,,,,1681.0,7699.243491828861,2006.029724828746,4381,3,69.965,12929.370392802664
8586,,,,1685.0,7700.243491828861,2007.029724828746,4382,3,69.954,11851.514060475882
8587,,,,1687.0,7701.243491828861,2008.029724828746,4383,3,69.941,14005.750957752503
8588,,,,1688.0,7702.243491828861,2009.029724828746,4384,3,69.928,14004.966234467576
8589,,,,1688.0,7703.243491828861,2010.029724828746,4385,3,69.913,16158.439097113207
8590,,,,1690.0,7704.243491828861,2011.029724828746,4386,3,69.898,16157.069802541884
8591,,,,1693.0,7705.243491828861,2012.029724828746,4387,3,69.885,14001.806663228404
8592,,,,1695.0,7706.243491828861,2013.029724828746,4388,3,69.87,16154.79088800875
8593,,,,1696.0,7707.243491828861,2014.029724828746,4389,3,69.856,15076.632257960686
8594,,,,1699.0,7708.243491828861,2015.029724828746,4390,3,69.842,15075.566790496585
8595,,,,1703.0,7709.243491828861,2016.029724828746,4391,3,69.83,12921.185483889138
8596,,,,1707.0,7710.243491828861,2017.029724828746,4392,3,69.819,11844.005727289843
8597,,,,1710.0,7711.243491828861,2018.029724828746,4393,3,69.806,13996.870843111492
8598,,,,1713.0,7712.243491828861,2019.029724828746,4394,3,69.795,11843.005940726158
8599,,,,1714.0,7713.243491828861,2020.029724828746,4395,3,69.783,12919.189201230354
8600,,,,1716.0,7714.243491828861,2021.029724828746,4396,3,69.771,12918.642435104708
8601,,,,1719.0,7715.243491828861,2022.029724828746,4397,3,69.759,12918.095092979062
8602,,,,1722.0,7716.243491828861,2023.029724828746,4398,3,69.747,12917.547174853415
8603,,,,1724.0,7717.243491828861,2024.029724828746,4399,3,69.737,10764.319912148076
8604,,,,1727.0,7718.243491828861,2025.029724828746,4400,3,69.724,13993.121422971615
8605,,,,1729.0,7719.243491828861,2026.029724828746,4401,3,69.713,11839.829702482195
8606,,,,1733.0,7720.243491828861,2027.029724828746,4402,3,69.702,11839.495210541876
8607,,,,1738.0,7721.243491828861,2028.029724828746,4403,3,69.69,12915.354873756592
8608,,,,1740.0,7722.243491828861,2029.029724828746,4404,3,69.678,12914.803571630946
8609,,,,1743.0,7723.243491828861,2030.029724828746,4405,3,69.667,11838.14900805317
8610,,,,1745.0,7724.243491828861,2031.029724828746,4406,3,69.654,13989.94125783178
8611,,,,1747.0,7725.243491828861,2032.029724828746,4407,3,69.641,13989.141298516251
8612,,,,1749.0,7726.243491828861,2033.029724828746,4408,3,69.631,10760.493835945397
8613,,,,1751.0,7727.243491828861,2034.029724828746,4409,3,69.623,8608.396521684319
8782,,,,2148.0,7896.243491828861,2203.029724828746,4578,3,69.609,15391.736833971423
8783,,,,2152.0,7897.243491828861,2204.029724828746,4579,3,69.595,15390.590362507002
8784,,,,2157.0,7898.243491828861,2205.029724828746,4580,3,69.581,15389.443107058207
8785,,,,2161.0,7899.243491828861,2206.029724828746,4581,3,69.569,13190.156782656331
8786,,,,2166.0,7900.243491828861,2207.029724828746,4582,3,69.558,12090.508939159665
8787,,,,2170.0,7901.243491828861,2208.029724828746,4583,3,69.547,12090.127235250262
8788,,,,2174.0,7902.243491828861,2209.029724828746,4584,3,69.535,13188.717951966999
8789,,,,2178.0,7903.243491828861,2210.029724828746,4585,3,69.524,12089.188504027778
8790,,,,2182.0,7904.243491828861,2211.029724828746,4586,3,69.512,13187.69277755951
8791,,,,2185.0,7905.243491828861,2212.029724828746,4587,3,69.5,13187.084499433862
8792,,,,2188.0,7906.243491828861,2213.029724828746,4588,3,69.487,14285.245834590378
8793,,,,2191.0,7907.243491828861,2214.029724828746,4589,3,69.473,15383.067778738916
8794,,,,2196.0,7908.243491828861,2215.029724828746,4590,3,69.46,14283.307909659114
8795,,,,2199.0,7909.243491828861,2216.029724828746,4591,3,69.449,12085.316146266261
8796,,,,2203.0,7910.243491828861,2217.029724828746,4592,3,69.438,12084.92986634124
8797,,,,2208.0,7911.243491828861,2218.029724828746,4593,3,69.429,9887.49584981856
8798,,,,2214.0,7912.243491828861,2219.029724828746,4594,3,69.419,10985.991843540158
8799,,,,2221.0,7913.243491828861,2220.029724828746,4595,3,69.41,9887.289126544354
8800,,,,2224.0,7914.243491828861,2221.029724828746,4596,3,69.401,9887.256480098678
8801,,,,2229.0,7915.243491828861,2222.029724828746,4597,3,69.391,10985.72474716912
8802,,,,2235.0,7916.243491828861,2223.029724828746,4598,3,69.381,10985.529418486367
8803,,,,2238.0,7917.243491828861,2224.029724828746,4599,3,69.37,12083.779969077465
8804,,,,2242.0,7918.243491828861,2225.029724828746,4600,3,69.36,10984.9791962198
8805,,,,2245.0,7919.243491828861,2226.029724828746,4601,3,69.345,16476.580028012457
8806,,,,2250.0,7920.243491828861,2227.029724828746,4602,3,69.331,15376.867610615407
8807,,,,2255.0,7921.243491828861,2228.029724828746,4603,3,69.317,15375.703947182217
8808,,,,2258.0,7922.243491828861,2229.029724828746,4604,3,69.304,14276.461096040648
8809,,,,2264.0,7923.243491828861,2230.029724828746,4605,3,69.288,17569.570592318596
8810,,,,2269.0,7924.243491828861,2231.029724828746,4606,3,69.275,14274.09036244781
8811,,,,2272.0,7925.243491828861,2232.029724828746,4607,3,69.262,14273.212949163177
8812,,,,2276.0,7926.243491828861,2233.029724828746,4608,3,69.247,16467.840897146478
8813,,,,2280.0,7927.243491828861,2234.029724828746,4609,3,69.235,13173.36639882583
8814,,,,2285.0,7928.243491828861,2235.029724828746,4610,3,69.221,15367.980332660578
8815,,,,2287.0,7929.243491828861,2236.029724828746,4611,3,69.208,14269.284215300646
8816,,,,2290.0,7930.243491828861,2237.029724828746,4612,3,69.195,14268.403370000407
8817,,,,2293.0,7931.243491828861,2238.029724828746,4613,3,69.182,14267.521848684572
8818,,,,2296.0,7932.243491828861,2239.029724828746,4614,3,69.174,8779.787844438926
8819,,,,2298.0,7933.243491828861,2240.029724828746,4615,3,69.167,7682.449865327166
8868,,,,2476.0,7982.243491828861,2289.029724828746,4664,3,69.157,11041.358487643001
8869,,,,2485.0,7983.243491828861,2290.029724828746,4665,3,69.139,19872.911555028106
8870,,,,2490.0,7984.243491828861,2291.029724828746,4666,3,69.123,17662.679578666084
8871,,,,2495.0,7985.243491828861,2292.029724828746,4667,3,69.108,16557.122896785557
8872,,,,2500.0,7986.243491828861,2293.029724828746,4668,3,69.098,11037.467680322643
8873,,,,2503.0,7987.243491828861,2294.029724828746,4669,3,69.083,16555.279394166686
8874,,,,2506.0,7988.243491828861,2295.029724828746,4670,3,69.068,16553.75739959536
8875,,,,2507.0,7989.243491828861,2296.029724828746,4671,3,69.051,18758.927471409963
8876,,,,2509.0,7990.243491828861,2297.029724828746,4672,3,69.034,18756.657133671684
8877,,,,2511.0,7991.243491828861,2298.029724828746,4673,3,69.017,18754.385639949087
8878,,,,2513.0,7992.243491828861,2299.029724828746,4674,3,69.001,17649.17539607399
8879,,,,2515.0,7993.243491828861,2300.029724828746,4675,3,68.986,16544.455345605464
8880,,,,2518.0,7994.243491828861,2301.029724828746,4676,3,68.973,14337.4118925656
8881,,,,2522.0,7995.243491828861,2302.029724828746,4677,3,68.961,13233.790989623567
8882,,,,2524.0,7996.243491828861,2303.029724828746,4678,3,68.955,6616.859504514666
8883,,,,2524.0,7997.243491828861,2304.029724828746,4679,3,68.952,3308.6275746830534
9048,,,,3176.0,8162.243491828861,2469.029724828746,4844,3,68.95,2251.179404015121
9049,,,,3180.0,8163.243491828861,2470.029724828746,4845,3,68.938,13507.359823216088
9050,,,,3181.0,8164.243491828861,2471.029724828746,4846,3,68.926,13506.66317709044
9051,,,,3183.0,8165.243491828861,2472.029724828746,4847,3,68.914,13505.965954964795
9052,,,,3187.0,8166.243491828861,2473.029724828746,4848,3,68.9,15755.917528155904
9053,,,,3190.0,8167.243491828861,2474.029724828746,4849,3,68.887,14629.419727117987
9054,,,,3194.0,8168.243491828861,2475.029724828746,4850,3,68.873,15753.601128076081
9055,,,,3197.0,8169.243491828861,2476.029724828746,4851,3,68.86,14627.267380186722
9056,,,,3201.0,8170.243491828861,2477.029724828746,4852,3,68.848,13501.294689273736
9057,,,,3204.0,8171.243491828861,2478.029724828746,4853,3,68.834,15750.464050183005
9058,,,,3207.0,8172.243491828861,2479.029724828746,4854,3,68.821,14624.352312286008
9059,,,,3209.0,8173.243491828861,2480.029724828746,4855,3,68.809,13498.602021365385
9060,,,,3209.0,8174.243491828861,2481.029724828746,4856,3,68.795,15747.320420289929
9061,,,,3210.0,8175.243491828861,2482.029724828746,4857,3,68.781,15746.042180841134
9062,,,,3212.0,8176.243491828861,2483.029724828746,4858,3,68.767,15744.763157408317
9063,,,,3215.0,8177.243491828861,2484.029724828746,4859,3,68.752,16867.895216292836
9064,,,,3218.0,8178.243491828861,2485.029724828746,4860,3,68.737,16866.277791721513
9065,,,,3219.0,8179.243491828861,2486.029724828746,4861,3,68.719,20237.149681431667
9066,,,,3222.0,8180.243491828861,2487.029724828746,4862,3,68.7,21358.296727659133
9067,,,,3225.0,8181.243491828861,2488.029724828746,4863,3,68.682,20231.200681100552
9068,,,,3228.0,8182.243491828861,2489.029724828746,4864,3,68.666,17981.03646585737
9069,,,,3230.0,8183.243491828861,2490.029724828746,4865,3,68.647,21349.648558266596
9070,,,,3230.0,8184.243491828861,2491.029724828746,4866,3,68.629,20223.003772518146
9071,,,,3232.0,8185.243491828861,2492.029724828746,4867,3,68.61,21343.35799993305
9072,,,,3233.0,8186.243491828861,2493.029724828746,4868,3,68.593,19094.011818755123
9073,,,,3233.0,8187.243491828861,2494.029724828746,4869,3,68.574,21337.372932836228
9074,,,,3230.0,8188.243491828861,2495.029724828746,4870,3,68.556,20211.368940621614
9075,,,,3229.0,8189.243491828861,2496.029724828746,4871,3,68.539,19085.973720704125
9076,,,,3227.0,8190.243491828861,2497.029724828746,4872,3,68.523,17961.138455638757
9077,,,,3224.0,8191.243491828861,2498.029724828746,4873,3,68.504,21326.008917132007
9078,,,,3221.0,8192.243491828862,2499.029724828746,4874,3,68.484,22444.781029184524
9079,,,,3216.0,8193.243491828862,2500.029724828746,4875,3,68.466,20197.16453170809
9080,,,,3212.0,8194.243491828862,2501.029724828746,4876,3,68.448,20194.319761925384
9081,,,,3208.0,8195.243491828862,2502.029724828746,4877,3,68.433,16826.596866060092
9082,,,,3206.0,8196.243491828862,2503.029724828746,4878,3,68.42,14581.846637640185
9083,,,,3203.0,8197.243491828862,2504.029724828746,4879,3,68.403,19066.714586797916
9084,,,,3199.0,8198.243491828862,2505.029724828746,4880,3,68.386,19064.301993075576
9085,,,,3195.0,8199.243491828862,2506.029724828746,4881,3,68.37,17940.73188748682
9086,,,,3190.0,8200.243491828862,2507.029724828746,4882,3,68.354,17938.72145883494
9087,,,,3186.0,8201.243491828862,2508.029724828746,4883,3,68.335,21299.375661443428
9088,,,,3183.0,8202.243491828862,2509.029724828746,4884,3,68.318,19054.64005810653
9089,,,,3178.0,8203.243491828862,2510.029724828746,4885,3,68.301,19052.221684368258
9090,,,,3175.0,8204.243491828862,2511.029724828746,4886,3,68.285,17929.356825204977
9091,,,,3171.0,8205.243491828862,2512.029724828746,4887,3,68.269,17927.34111652124
9092,,,,3166.0,8206.243491828862,2513.029724828746,4888,3,68.256,14564.646105391019
9093,,,,3163.0,8207.243491828862,2514.029724828746,4889,3,68.246,11203.051511221964
9094,,,,3158.0,8208.243491828862,2515.029724828746,4890,3,68.236,11202.774882507678
9095,,,,3154.0,8209.243491828862,2516.029724828746,4891,3,68.224,13442.800402740108
9096,,,,3147.0,8210.243491828862,2517.029724828746,4892,3,68.214,11201.892015387193
9097,,,,3140.0,8211.243491828862,2518.029724828746,4893,3,68.198,17921.794355323724
9098,,,,3130.0,8212.243491828862,2519.029724828746,4894,3,68.18,20159.448172700304
9099,,,,3122.0,8213.243491828862,2520.029724828746,4895,3,68.161,21276.23478747545
9100,,,,3118.0,8214.243491828862,2521.029724828746,4896,3,68.141,22392.356328460697
9101,,,,3115.0,8215.243491828862,2522.029724828746,4897,3,68.122,21269.240754620558
9102,,,,3115.0,8216.243491828862,2523.029724828746,4898,3,68.106,17908.518694483773
9103,,,,3113.0,8217.243491828862,2524.029724828746,4899,3,68.088,20144.506682271283
9104,,,,3109.0,8218.243491828862,2525.029724828746,4900,3,68.072,17903.936541548763
9105,,,,3106.0,8219.243491828862,2526.029724828746,4901,3,68.057,16783.160959488203
9106,,,,3100.0,8220.243491828862,2527.029724828746,4902,3,68.041,17900.139180020768
9107,,,,3096.0,8221.243491828862,2528.029724828746,4903,3,68.024,19016.599427162222
9108,,,,3092.0,8222.243491828862,2529.029724828746,4904,3,68.006,20132.492079483403
9109,,,,3089.0,8223.243491828862,2530.029724828746,4905,3,67.99,17893.2515506421
9110,,,,3087.0,8224.243491828862,2531.029724828746,4906,3,67.974,17891.216673958395
9111,,,,3085.0,8225.243491828862,2532.029724828746,4907,3,67.957,19007.114742503727
9112,,,,3083.0,8226.243491828862,2533.029724828746,4908,3,67.94,19004.670800749558
9113,,,,3081.0,8227.243491828862,2534.029724828746,4909,3,67.922,20119.855595164114
9114,,,,3076.0,8228.243491828862,2535.029724828746,4910,3,67.904,20116.96920938141
9115,,,,3074.0,8229.243491828862,2536.029724828746,4911,3,67.889,16762.104922289385
9116,,,,3072.0,8230.243491828862,2537.029724828746,4912,3,67.872,18994.883473796453
9117,,,,3071.0,8231.243491828862,2538.029724828746,4913,3,67.857,16758.27671853723
9118,,,,3070.0,8232.243491828862,2539.029724828746,4914,3,67.843,15639.616185771773
9119,,,,3069.0,8233.243491828862,2540.029724828746,4915,3,67.835,8936.560083885772
9120,,,,3068.0,8234.243491828862,2541.029724828746,4916,3,67.817,20105.848766764997
9121,,,,3067.0,8235.243491828862,2542.029724828746,4917,3,67.797,22336.28621801314
9122,,,,3064.0,8236.243491828862,2543.029724828746,4918,3,67.776,23448.857017272887
9123,,,,3061.0,8237.243491828862,2544.029724828746,4919,3,67.754,24560.6594298368
9124,,,,3060.0,8238.243491828862,2545.029724828746,4920,3,67.736,20091.592992742826
9125,,,,3059.0,8239.243491828862,2546.029724828746,4921,3,67.719,18972.794362167828
9126,,,,3059.0,8240.243491828862,2547.029724828746,4922,3,67.702,18970.334236413688
9127,,,,3056.0,8241.243491828862,2548.029724828746,4923,3,67.69,13389.581266148825
9128,,,,3053.0,8242.243491828862,2549.029724828746,4924,3,67.677,14504.461071849148
9129,,,,3048.0,8243.243491828862,2550.029724828746,4925,3,67.664,14503.434626564765
9130,,,,3045.0,8244.243491828862,2551.029724828746,4926,3,67.647,18964.126129083972
9131,,,,3042.0,8245.243491828862,2552.029724828746,4927,3,67.629,20076.9040548123
9132,,,,3038.0,8246.243491828862,2553.029724828746,4928,3,67.611,20073.995457029596
9133,,,,3035.0,8247.243491828862,2554.029724828746,4929,3,67.593,20071.085563246892
9134,,,,3032.0,8248.243491828862,2555.029724828746,4930,3,67.573,22297.641596342204
9135,,,,3029.0,8249.243491828862,2556.029724828746,4931,3,67.555,20064.667942134227
9136,,,,3027.0,8250.243491828862,2557.029724828746,4932,3,67.536,21176.139227544485
9137,,,,3025.0,8251.243491828862,2558.029724828746,4933,3,67.52,17830.079056524974
9138,,,,3024.0,8252.243491828862,2559.029724828746,4934,3,67.503,18942.12544094798
9139,,,,3021.0,8253.243491828862,2560.029724828746,4935,3,67.485,20053.59898455066
9140,,,,3018.0,8254.243491828862,2561.029724828746,4936,3,67.465,22278.203184441667
9141,,,,3013.0,8255.243491828862,2562.029724828746,4937,3,67.448,18933.57430863409
9142,,,,3010.0,8256.243491828862,2563.029724828746,4938,3,67.429,21157.96971549088
9143,,,,3010.0,8257.243491828862,2564.029724828746,4939,3,67.412,18928.054484584267
9144,,,,3011.0,8258.243491828862,2565.029724828746,4940,3,67.396,17812.43661834939
9145,,,,3011.0,8259.243491828862,2566.029724828746,4941,3,67.382,15584.300470779262
9146,,,,3010.0,8260.243491828862,2567.029724828746,4942,3,67.37,13357.01197213158
9147,,,,3009.0,8261.243491828862,2568.029724828746,4943,3,67.354,17807.804291096374
9148,,,,3005.0,8262.243491828862,2569.029724828746,4944,3,67.34,15580.244748432873
9149,,,,3004.0,8263.243491828862,2570.029724828746,4945,3,67.321,21141.99600521623
9150,,,,3003.0,8264.243491828862,2571.029724828746,4946,3,67.318,3338.0684384891647
9151,,,,3000.0,8265.243491828862,2572.029724828746,4947,3,67.302,17802.673261910157
9152,,,,2999.0,8266.243491828862,2573.029724828746,4948,3,67.282,22250.082282097294
9153,,,,2997.0,8267.243491828862,2574.029724828746,4949,3,67.262,22246.16016728802
9154,,,,2994.0,8268.243491828862,2575.029724828746,4950,3,67.243,21130.281726506448
9155,,,,2992.0,8269.243491828862,2576.029724828746,4951,3,67.223,22238.641907440768
9156,,,,2993.0,8270.243491828862,2577.029724828746,4952,3,67.207,17788.301321710802
9157,,,,2996.0,8271.243491828862,2578.029724828746,4953,3,67.191,17786.217325027188
9158,,,,2998.0,8272.243491828862,2579.029724828746,4954,3,67.178,14449.930114801993
9159,,,,3000.0,8273.243491828862,2580.029724828746,4955,3,67.167,12226.157866002432
9160,,,,3000.0,8274.243491828862,2581.029724828746,4956,3,67.156,12225.63329407741
9161,,,,2998.0,8275.243491828862,2582.029724828746,4957,3,67.143,14447.640034224429
9162,,,,2998.0,8276.243491828862,2583.029724828746,4958,3,67.131,13335.41182346245
9163,,,,2994.0,8277.243491828862,2584.029724828746,4959,3,67.113,20001.064955708083
9164,,,,2994.0,8278.243491828862,2585.029724828746,4960,3,67.096,18887.251273508067
9165,,,,2992.0,8279.243491828862,2586.029724828746,4961,3,67.08,17774.012396160007
9166,,,,2991.0,8280.243491828862,2587.029724828746,4962,3,67.065,16661.29894817137
9167,,,,2989.0,8281.243491828862,2588.029724828746,4963,3,67.053,13327.965775645744
9168,,,,2988.0,8282.243491828862,2589.029724828746,4964,3,67.039,15548.156320283748
9169,,,,2989.0,8283.243491828862,2590.029724828746,4965,3,67.022,18877.81839788263
9170,,,,2990.0,8284.243491828862,2591.029724828746,4966,3,67.006,17765.129387571353
9171,,,,2990.0,8285.243491828862,2592.029724828746,4967,3,66.991,16652.966582619512
9172,,,,2989.0,8286.243491828862,2593.029724828746,4968,3,66.978,14431.296806644476
9173,,,,2990.0,8287.243491828862,2594.029724828746,4969,3,66.965,14430.237315328463
9174,,,,2987.0,8288.243491828862,2595.029724828746,4970,3,66.953,13319.339903265356
9175,,,,2985.0,8289.243491828862,2596.029724828746,4971,3,66.94,14428.331825074547
9176,,,,2982.0,8290.243491828862,2597.029724828746,4972,3,66.924,17756.24247663302
9177,,,,2978.0,8291.243491828862,2598.029724828746,4973,3,66.913,12206.426707385868
9178,,,,2976.0,8292.243491828862,2599.029724828746,4974,3,66.9,14424.929718827276
9179,,,,2975.0,8293.243491828862,2600.029724828746,4975,3,66.89,11095.53046772351
9180,,,,2973.0,8294.243491828862,2601.029724828746,4976,3,66.879,12204.639234238213
9181,,,,2970.0,8295.243491828862,2602.029724828746,4977,3,66.868,12204.103244328957
9182,,,,2967.0,8296.243491828862,2603.029724828746,4978,3,66.856,13312.882376416375
9183,,,,2965.0,8297.243491828862,2604.029724828746,4979,3,66.843,14421.331048972388
9184,,,,2963.0,8298.243491828862,2605.029724828746,4980,3,66.83,14420.264329687914
9185,,,,2960.0,8299.243491828862,2606.029724828746,4981,3,66.814,17746.30555555755
9186,,,,2957.0,8300.243491828862,2607.029724828746,4982,3,66.799,16635.306505090815
9187,,,,2953.0,8301.243491828862,2608.029724828746,4983,3,66.783,17742.347330013654
9188,,,,2950.0,8302.243491828862,2609.029724828746,4984,3,66.768,16631.593808659174
9189,,,,2949.0,8303.243491828862,2610.029724828746,4985,3,66.752,17738.38513646976
9190,,,,2948.0,8304.243491828862,2611.029724828746,4986,3,66.735,18844.64536688937
9191,,,,2945.0,8305.243491828862,2612.029724828746,4987,3,66.719,17733.887439342383
9192,,,,2941.0,8306.243491828862,2613.029724828746,4988,3,66.701,19947.942120237276
9193,,,,2936.0,8307.243491828862,2614.029724828746,4989,3,66.682,21052.856114731872
9194,,,,2927.0,8308.243491828862,2615.029724828746,4990,3,66.66,24372.43168112994
9195,,,,2922.0,8309.243491828862,2616.029724828746,4991,3,66.639,23259.890812564085
9196,,,,2918.0,8310.243491828862,2617.029724828746,4992,3,66.617,24362.575748427662
9197,,,,2918.0,8311.243491828862,2618.029724828746,4993,3,66.595,24357.462096743307
9198,,,,2918.0,8312.243491828862,2619.029724828746,4994,3,66.574,23245.59622483139
9199,,,,2917.0,8313.243491828862,2620.029724828746,4995,3,66.555,21027.94206364032
9200,,,,2915.0,8314.243491828862,2621.029724828746,4996,3,66.537,19918.06730666152
9201,,,,2911.0,8315.243491828862,2622.029724828746,4997,3,66.521,17702.554696578147
9202,,,,2908.0,8316.243491828862,2623.029724828746,4998,3,66.502,21018.7815022635
9203,,,,2906.0,8317.243491828862,2624.029724828746,4999,3,66.485,18803.449424208833
9204,,,,2904.0,8318.243491828862,2625.029724828746,5000,3,66.468,18800.90225847056
9205,,,,2902.0,8319.243491828862,2626.029724828746,5001,3,66.449,21009.608856870953
9206,,,,2900.0,8320.243491828862,2627.029724828746,5002,3,66.43,21006.12706405414
9207,,,,2895.0,8321.243491828862,2628.029724828746,5003,3,66.411,21002.643827268752
9208,,,,2891.0,8322.243491828862,2629.029724828746,5004,3,66.392,20999.15914646765
9209,,,,2889.0,8323.243491828862,2630.029724828746,5005,3,66.372,22100.54197897894
9210,,,,2886.0,8324.243491828862,2631.029724828746,5006,3,66.352,22096.53786418548
9211,,,,2884.0,8325.243491828862,2632.029724828746,5007,3,66.332,22092.532149407714
9212,,,,2879.0,8326.243491828862,2633.029724828746,5008,3,66.314,19879.972095909114
9213,,,,2876.0,8327.243491828862,2634.029724828746,5009,3,66.295,20981.08121194107
9214,,,,2872.0,8328.243491828862,2635.029724828746,5010,3,66.277,19873.654131577998
9215,,,,2869.0,8329.243491828862,2636.029724828746,5011,3,66.258,20974.40943760725
9216,,,,2866.0,8330.243491828862,2637.029724828746,5012,3,66.239,20970.913166790462
9217,,,,2861.0,8331.243491828862,2638.029724828746,5013,3,66.218,23174.161903141565
9218,,,,2856.0,8332.243491828862,2639.029724828746,5014,3,66.198,22066.4470842915
9219,,,,2851.0,8333.243491828862,2640.029724828746,5015,3,66.178,22062.428809482357
9220,,,,2848.0,8334.243491828862,2641.029724828746,5016,3,66.156,24263.883121439445
9221,,,,2844.0,8335.243491828862,2642.029724828746,5017,3,66.136,22053.72064043176
9222,,,,2840.0,8336.243491828862,2643.029724828746,5018,3,66.115,23152.00729879591
9223,,,,2835.0,8337.243491828862,2644.029724828746,5019,3,66.094,23147.431121036116
9224,,,,2829.0,8338.243491828862,2645.029724828746,5020,3,66.074,22040.979316556353
9225,,,,2825.0,8339.243491828862,2646.029724828746,5021,3,66.053,23138.623721743188
9226,,,,2820.0,8340.243491828862,2647.029724828746,5022,3,66.031,24235.479870234398
9227,,,,2816.0,8341.243491828862,2648.029724828746,5023,3,66.011,22027.889462972602
9228,,,,2812.0,8342.243491828862,2649.029724828746,5024,3,65.991,22023.856508163484
9229,,,,2810.0,8343.243491828862,2650.029724828746,5025,3,65.972,20918.989377338035
9230,,,,2809.0,8344.243491828862,2651.029724828746,5026,3,65.953,20915.47213052129
9231,,,,2805.0,8345.243491828862,2652.029724828746,5027,3,65.935,19811.4745257066
9232,,,,2801.0,8346.243491828862,2653.029724828746,5028,3,65.918,18708.11313317338
9233,,,,2799.0,8347.243491828862,2654.029724828746,5029,3,65.9,19805.7049669069
9234,,,,2793.0,8348.243491828862,2655.029724828746,5030,3,65.883,18702.66172543374
9235,,,,2791.0,8349.243491828862,2656.029724828746,5031,3,65.864,20899.767864031935
9236,,,,2789.0,8350.243491828862,2657.029724828746,5032,3,65.847,18696.921649399737
9237,,,,2788.0,8351.243491828862,2658.029724828746,5033,3,65.831,17594.800648262903
9238,,,,2787.0,8352.243491828862,2659.029724828746,5034,3,65.813,19791.409360290487
9239,,,,2786.0,8353.243491828862,2660.029724828746,5035,3,65.797,17589.92601535942
9240,,,,2785.0,8354.243491828862,2661.029724828746,5036,3,65.783,15389.519021163158
9241,,,,2783.0,8355.243491828862,2662.029724828746,5037,3,65.766,18685.106743807617
9242,,,,2779.0,8356.243491828862,2663.029724828746,5038,3,65.754,13188.157728544484
9243,,,,2774.0,8357.243491828862,2664.029724828746,5039,3,65.738,17582.570579646843
9244,,,,2771.0,8358.243491828862,2665.029724828746,5040,3,65.719,20876.242679407584
9245,,,,2769.0,8359.243491828862,2666.029724828746,5041,3,65.703,17577.41597092038
9246,,,,2767.0,8360.243491828862,2667.029724828746,5042,3,65.685,19771.84209428014
9247,,,,2766.0,8361.243491828862,2668.029724828746,5043,3,65.669,17572.524442016882
9248,,,,2763.0,8362.243491828862,2669.029724828746,5044,3,65.654,16472.32353116225
9249,,,,2761.0,8363.243491828862,2670.029724828746,5045,3,65.636,19764.18428476055
9250,,,,2759.0,8364.243491828862,2671.029724828746,5046,3,65.621,16467.982620105337
9251,,,,2756.0,8365.243491828862,2672.029724828746,5047,3,65.606,16466.187115534012
9252,,,,2756.0,8366.243491828862,2673.029724828746,5048,3,65.591,16464.39071096269
9253,,,,2757.0,8367.243491828862,2674.029724828746,5049,3,65.577,15365.204320702296
9254,,,,2758.0,8368.243491828862,2675.029724828746,5050,3,65.561,17558.315440493523
9255,,,,2757.0,8369.243491828862,2676.029724828746,5051,3,65.547,15361.846860184756
9256,,,,2756.0,8370.243491828862,2677.029724828746,5052,3,65.533,15360.401236720365
9257,,,,2754.0,8371.243491828862,2678.029724828746,5053,3,65.522,12068.026474033208
9258,,,,2752.0,8372.243491828862,2679.029724828746,5054,3,65.511,12067.441996123775
9259,,,,2749.0,8373.243491828862,2680.029724828746,5055,3,65.504,7679.143472563606
9260,,,,2748.0,8374.243491828862,2681.029724828746,5056,3,65.496,8776.207179447372
9261,,,,2747.0,8375.243491828862,2682.029724828746,5057,3,65.486,10970.061430457303
9262,,,,2746.0,8376.243491828862,2683.029724828746,5058,3,65.476,10969.696001774526
9263,,,,2745.0,8377.243491828862,2684.029724828746,5059,3,65.465,12066.171040694455
9264,,,,2743.0,8378.243491828862,2685.029724828746,5060,3,65.454,12065.583856785019
9265,,,,2741.0,8379.243491828862,2686.029724828746,5061,3,65.442,13161.713473277665
9266,,,,2739.0,8380.243491828862,2687.029724828746,5062,3,65.43,13160.870715136434
9267,,,,2740.0,8381.243491828862,2688.029724828746,5063,3,65.418,13160.027381026375
9268,,,,2740.0,8382.243491828862,2689.029724828746,5064,3,65.405,14255.673124315588
9269,,,,2738.0,8383.243491828862,2690.029724828746,5065,3,65.393,13158.137786931276
9270,,,,2736.0,8384.243491828862,2691.029724828746,5066,3,65.38,14253.624764045899
9271,,,,2733.0,8385.243491828862,2692.029724828746,5067,3,65.364,17541.124401521043
9272,,,,2732.0,8386.243491828862,2693.029724828746,5068,3,65.35,15346.792045083817
9273,,,,2732.0,8387.243491828862,2694.029724828746,5069,3,65.336,15345.334241619441
9274,,,,2730.0,8388.243491828862,2695.029724828746,5070,3,65.321,16439.740948678875
9275,,,,2729.0,8389.243491828862,2696.029724828746,5071,3,65.305,17533.653125808472
9276,,,,2728.0,8390.243491828862,2697.029724828746,5072,3,65.289,17531.44733715623
9277,,,,2726.0,8391.243491828862,2698.029724828746,5073,3,65.273,17529.24052448841
9278,,,,2723.0,8392.243491828862,2699.029724828746,5074,3,65.258,16431.719028479318
9279,,,,2720.0,8393.243491828862,2700.029724828746,5075,3,65.243,16429.900033907998
9280,,,,2720.0,8394.243491828862,2701.029724828746,5076,3,65.228,16428.08013933667
9281,,,,2719.0,8395.243491828862,2702.029724828746,5077,3,65.215,14236.309708450382
9282,,,,2718.0,8396.243491828862,2703.029724828746,5078,3,65.199,17519.803179899758
9283,,,,2719.0,8397.243491828862,2704.029724828746,5079,3,65.184,16422.86697292746
9284,,,,2719.0,8398.243491828862,2705.029724828746,5080,3,65.17,15326.424849869427
9285,,,,2717.0,8399.243491828862,2706.029724828746,5081,3,65.156,15324.957302420631
9286,,,,2714.0,8400.243491828862,2707.029724828746,5082,3,65.143,14229.06324764924
9287,,,,2712.0,8401.243491828862,2708.029724828746,5083,3,65.129,15322.25509034081
9288,,,,2708.0,8402.243491828862,2709.029724828746,5084,3,65.115,15320.785218907564
9289,,,,2705.0,8403.243491828862,2710.029724828746,5085,3,65.1,16413.42526932805
9290,,,,2703.0,8404.243491828862,2711.029724828746,5086,3,65.086,15317.607805176647
9291,,,,2699.0,8405.243491828862,2712.029724828746,5087,3,65.071,16410.01915749016
9292,,,,2695.0,8406.243491828862,2713.029724828746,5088,3,65.055,17501.93344987386
9293,,,,2692.0,8407.243491828862,2714.029724828746,5089,3,65.039,17499.71095722159
9294,,,,2688.0,8408.243491828862,2715.029724828746,5090,3,65.024,16404.02059916668
9295,,,,2686.0,8409.243491828862,2716.029724828746,5091,3,65.008,17495.53199567769
9296,,,,2682.0,8410.243491828862,2717.029724828746,5092,3,64.993,16400.10096271928
9297,,,,2680.0,8411.243491828862,2718.029724828746,5093,3,64.977,17491.34906611826
9298,,,,2678.0,8412.243491828862,2719.029724828746,5094,3,64.961,17489.12151746598
9299,,,,2675.0,8413.243491828862,2720.029724828746,5095,3,64.944,18579.680728698007
9300,,,,2672.0,8414.243491828862,2721.029724828746,5096,3,64.928,17484.394092338607
9301,,,,2670.0,8415.243491828862,2722.029724828746,5097,3,64.911,18574.65559550018
9302,,,,2668.0,8416.243491828862,2723.029724828746,5098,3,64.895,17479.662443211233
9303,,,,2667.0,8417.243491828862,2724.029724828746,5099,3,64.879,17477.429710527893
9304,,,,2666.0,8418.243491828862,2725.029724828746,5100,3,64.863,17475.1959538756
9305,,,,2665.0,8419.243491828862,2726.029724828746,5101,3,64.848,16381.027388529823
9306,,,,2663.0,8420.243491828862,2727.029724828746,5102,3,64.83,19654.56603960164
9307,,,,2661.0,8421.243491828862,2728.029724828746,5103,3,64.815,16376.581687472912
9308,,,,2659.0,8422.243491828862,2729.029724828746,5104,3,64.8,16374.73635290159
9309,,,,2659.0,8423.243491828862,2730.029724828746,5105,3,64.784,17464.28135431274
9310,,,,2659.0,8424.243491828862,2731.029724828746,5106,3,64.768,17462.041485660437
9311,,,,2657.0,8425.243491828862,2732.029724828746,5107,3,64.754,15277.56142567662
9312,,,,2654.0,8426.243491828862,2733.029724828746,5108,3,64.741,14185.033212672626
9313,,,,2653.0,8427.243491828862,2734.029724828746,5109,3,64.728,14183.868239372387
9314,,,,2651.0,8428.243491828862,2735.029724828746,5110,3,64.716,13091.826606676037
9315,,,,2650.0,8429.243491828862,2736.029724828746,5111,3,64.703,14181.755425087194
9316,,,,2650.0,8430.243491828862,2737.029724828746,5112,3,64.692,11999.144922887941
9317,,,,2649.0,8431.243491828862,2738.029724828746,5113,3,64.679,14179.859223148294
9318,,,,2645.0,8432.243491828862,2739.029724828746,5114,3,64.666,14178.690947863557
9319,,,,2644.0,8433.243491828862,2740.029724828746,5115,3,64.654,13087.044580360196
9320,,,,2644.0,8434.243491828862,2741.029724828746,5116,3,64.643,11995.746188388248
9321,,,,2643.0,8435.243491828862,2742.029724828746,5117,3,64.631,13085.492005952707
9322,,,,2640.0,8436.243491828862,2743.029724828746,5118,3,64.62,11994.321983181384
9323,,,,2636.0,8437.243491828862,2744.029724828746,5119,3,64.609,11993.701931271857
9324,,,,2631.0,8438.243491828862,2745.029724828746,5120,3,64.596,14173.422254692932
9325,,,,2628.0,8439.243491828862,2746.029724828746,5121,3,64.583,14172.249455408188
9326,,,,2625.0,8440.243491828862,2747.029724828746,5122,3,64.57,14171.07598010795
9327,,,,2626.0,8441.243491828862,2748.029724828746,5123,3,64.556,15259.776099757924
9328,,,,2625.0,8442.243491828862,2749.029724828746,5124,3,64.542,15258.274504309129
9329,,,,2622.0,8443.243491828862,2750.029724828746,5125,3,64.528,15256.772124860334
9330,,,,2618.0,8444.243491828862,2751.029724828746,5126,3,64.513,16344.804366436943
9331,,,,2616.0,8445.243491828862,2752.029724828746,5127,3,64.497,17432.333806099286
9332,,,,2613.0,8446.243491828862,2753.029724828746,5128,3,64.482,16340.82058998954
9333,,,,2613.0,8447.243491828862,2754.029724828746,5129,3,64.468,15249.808675794062
9334,,,,2612.0,8448.243491828862,2755.029724828746,5130,3,64.453,16337.33998815165
9335,,,,2612.0,8449.243491828862,2756.029724828746,5131,3,64.439,15246.558490094174
9336,,,,2610.0,8450.243491828862,2757.029724828746,5132,3,64.424,16333.855906298284
9337,,,,2609.0,8451.243491828862,2758.029724828746,5133,3,64.409,16331.985791742436
9338,,,,2608.0,8452.243491828862,2759.029724828746,5134,3,64.395,15241.558790112238
9339,,,,2607.0,8453.243491828862,2760.029724828746,5135,3,64.38,16328.496459904543
9340,,,,2605.0,8454.243491828862,2761.029724828746,5136,3,64.364,17414.929985782586
9341,,,,2602.0,8455.243491828862,2762.029724828746,5137,3,64.349,16324.496333457144
9342,,,,2600.0,8456.243491828862,2763.029724828746,5138,3,64.332,18498.683769135514
9343,,,,2597.0,8457.243491828862,2764.029724828746,5139,3,64.317,16320.238769704985
9344,,,,2596.0,8458.243491828862,2765.029724828746,5140,3,64.303,15230.589890861818
9345,,,,2594.0,8459.243491828862,2766.029724828746,5141,3,64.287,17404.385929818727
9346,,,,2591.0,8460.243491828862,2767.029724828746,5142,3,64.273,15227.08464634414
9347,,,,2588.0,8461.243491828862,2768.029724828746,5143,3,64.259,15225.567678879886
9348,,,,2585.0,8462.243491828862,2769.029724828746,5144,3,64.245,15224.049927431091
9349,,,,2582.0,8463.243491828862,2770.029724828746,5145,3,64.232,14135.317743301743
9350,,,,2581.0,8464.243491828862,2771.029724828746,5146,3,64.218,15221.249071351269
9351,,,,2577.0,8465.243491828862,2772.029724828746,5147,3,64.203,16306.725516962933
9352,,,,2573.0,8466.243491828862,2773.029724828746,5148,3,64.189,15217.97108165135
9353,,,,2570.0,8467.243491828862,2774.029724828746,5149,3,64.176,14129.670240762192
9354,,,,2568.0,8468.243491828862,2775.029724828746,5150,3,64.162,15215.164065556084
9355,,,,2568.0,8469.243491828862,2776.029724828746,5151,3,64.151,11953.854441848152
9356,,,,2567.0,8470.243491828862,2777.029724828746,5152,3,64.137,15212.828359111803
9357,,,,2566.0,8471.243491828862,2778.029724828746,5153,3,64.126,11952.018143912204
9358,,,,2563.0,8472.243491828862,2779.029724828746,5154,3,64.114,13037.766064706093
9359,,,,2561.0,8473.243491828862,2780.029724828746,5155,3,64.101,14123.15988596857
9360,,,,2559.0,8474.243491828862,2781.029724828746,5156,3,64.089,13035.759278610994
9361,,,,2558.0,8475.243491828862,2782.029724828746,5157,3,64.075,15207.095496409991
9362,,,,2557.0,8476.243491828862,2783.029724828746,5158,3,64.062,14119.565360067852
9363,,,,2557.0,8477.243491828862,2784.029724828746,5159,3,64.051,11946.496050150688
9364,,,,2557.0,8478.243491828862,2785.029724828746,5160,3,64.039,13031.738506420801
9365,,,,2555.0,8479.243491828862,2786.029724828746,5161,3,64.028,11945.024038943824
9366,,,,2550.0,8480.243491828862,2787.029724828746,5162,3,64.016,13030.131572013312
9367,,,,2546.0,8481.243491828862,2788.029724828746,5163,3,64.006,10857.8575431147
9368,,,,2545.0,8482.243491828862,2789.029724828746,5164,3,63.995,11943.092141176472
9369,,,,2543.0,8483.243491828862,2790.029724828746,5165,3,63.985,10856.855020840418
9370,,,,2542.0,8484.243491828862,2791.029724828746,5166,3,63.973,13027.521944729744
9371,,,,2540.0,8485.243491828862,2792.029724828746,5167,3,63.963,10855.681113704013
9372,,,,2537.0,8486.243491828862,2793.029724828746,5168,3,63.951,13026.112200166059
9373,,,,2536.0,8487.243491828862,2794.029724828746,5169,3,63.941,10854.50544656761
9374,,,,2534.0,8488.243491828862,2795.029724828746,5170,3,63.93,11939.402018983155
9375,,,,2535.0,8489.243491828862,2796.029724828746,5171,3,63.918,13023.99362332053
9376,,,,2534.0,8490.243491828862,2797.029724828746,5172,3,63.907,11937.91911777629
9377,,,,2532.0,8491.243491828862,2798.029724828746,5173,3,63.895,13022.37480890533
9378,,,,2530.0,8492.243491828862,2799.029724828746,5174,3,63.884,11936.434192569424
9379,,,,2528.0,8493.243491828862,2800.029724828746,5175,3,63.87,15190.641606774607
9380,,,,2526.0,8494.243491828862,2801.029724828746,5176,3,63.859,11934.57349664121
9381,,,,2524.0,8495.243491828862,2802.029724828746,5177,3,63.847,13018.722784410453
9382,,,,2524.0,8496.243491828862,2803.029724828746,5178,3,63.834,14102.515248640577
9383,,,,2523.0,8497.243491828862,2804.029724828746,5179,3,63.823,11932.058736803388
9384,,,,2520.0,8498.243491828862,2805.029724828746,5180,3,63.811,13015.977718033513
9385,,,,2518.0,8499.243491828862,2806.029724828746,5181,3,63.798,14099.539515732225
9386,,,,2516.0,8500.243491828862,2807.029724828746,5182,3,63.787,11929.53922495786
9387,,,,2513.0,8501.243491828862,2808.029724828746,5183,3,63.774,14097.552573793324
9388,,,,2511.0,8502.243491828862,2809.029724828746,5184,3,63.761,14096.337108493088
9389,,,,2509.0,8503.243491828862,2810.029724828746,5185,3,63.749,13010.982931717672
9390,,,,2508.0,8504.243491828862,2811.029724828746,5186,3,63.737,13010.063829592025
9391,,,,2507.0,8505.243491828862,2812.029724828746,5187,3,63.725,13009.144151466378
9392,,,,2507.0,8506.243491828862,2813.029724828746,5188,3,63.711,15176.023038748983
9393,,,,2506.0,8507.243491828862,2814.029724828746,5189,3,63.7,11923.080405906796
9394,,,,2506.0,8508.243491828862,2815.029724828746,5190,3,63.689,11922.422931989475
9395,,,,2505.0,8509.243491828862,2816.029724828746,5191,3,63.676,14089.137365376146
9396,,,,2504.0,8510.243491828862,2817.029724828746,5192,3,63.666,10837.114267370252
9397,,,,2503.0,8511.243491828862,2818.029724828746,5193,3,63.654,13003.8182565486
9398,,,,2501.0,8512.243491828862,2819.029724828746,5194,3,63.643,11919.413657575744
9399,,,,2500.0,8513.243491828862,2820.029724828746,5195,3,63.631,13002.174626148812
9400,,,,2500.0,8514.243491828862,2821.029724828746,5196,3,63.619,13001.249812023165
9401,,,,2498.0,8515.243491828862,2822.029724828746,5197,3,63.607,13000.324421897518
9402,,,,2497.0,8516.243491828862,2823.029724828746,5198,3,63.596,11916.20892980519
9403,,,,2497.0,8517.243491828862,2824.029724828746,5199,3,63.586,10832.400617775627
9404,,,,2496.0,8518.243491828862,2825.029724828746,5200,3,63.574,12998.158109051989
9405,,,,2495.0,8519.243491828862,2826.029724828746,5201,3,63.563,11914.221658022427
9406,,,,2493.0,8520.243491828862,2827.029724828746,5202,3,63.554,9747.610127557655
9407,,,,2492.0,8521.243491828862,2828.029724828746,5203,3,63.543,11913.269324893718
9408,,,,2491.0,8522.243491828862,2829.029724828746,5204,3,63.532,11912.605008968694
9409,,,,2489.0,8523.243491828862,2830.029724828746,5205,3,63.521,11911.940209035978
9410,,,,2489.0,8524.243491828862,2831.029724828746,5206,3,63.51,11911.274925118649
9411,,,,2489.0,8525.243491828862,2832.029724828746,5207,3,63.501,9745.197310266449
9412,,,,2489.0,8526.243491828862,2833.029724828746,5208,3,63.49,11910.318059974552
9413,,,,2489.0,8527.243491828862,2834.029724828746,5209,3,63.481,9744.413700609392
9414,,,,2487.0,8528.243491828862,2835.029724828746,5210,3,63.47,11909.35943484584
9415,,,,2485.0,8529.243491828862,2836.029724828746,5211,3,63.463,7578.497249035913
9416,,,,2482.0,8530.243491828862,2837.029724828746,5212,3,63.453,10826.243830087365
9417,,,,2480.0,8531.243491828862,2838.029724828746,5213,3,63.444,9743.302848443833
9418,,,,2478.0,8532.243491828862,2839.029724828746,5214,3,63.436,8660.56843394886
9419,,,,2475.0,8533.243491828862,2840.029724828746,5215,3,63.426,10825.443358601777
9420,,,,2473.0,8534.243491828862,2841.029724828746,5216,3,63.417,9742.581425106804
9421,,,,2471.0,8535.243491828862,2842.029724828746,5217,3,63.408,9742.340302661129
9422,,,,2469.0,8536.243491828862,2843.029724828746,5218,3,63.399,9742.098856215453
9423,,,,2467.0,8537.243491828862,2844.029724828746,5219,3,63.388,11906.52639658658
9424,,,,2464.0,8538.243491828862,2845.029724828746,5220,3,63.379,9741.307614558393
9425,,,,2462.0,8539.243491828862,2846.029724828746,5221,3,63.369,10823.320341021092
9426,,,,2462.0,8540.243491828862,2847.029724828746,5222,3,63.36,9740.668657284188
9427,,,,2461.0,8541.243491828862,2848.029724828746,5223,3,63.351,9740.425536838511
9428,,,,2461.0,8542.243491828862,2849.029724828746,5224,3,63.342,9740.182092392835
9429,,,,2459.0,8543.243491828862,2850.029724828746,5225,3,63.332,10822.068260837139
9430,,,,2458.0,8544.243491828862,2851.029724828746,5226,3,63.323,9739.54043511863
9431,,,,2457.0,8545.243491828862,2852.029724828746,5227,3,63.313,10821.354548310244
9432,,,,2457.0,8546.243491828862,2853.029724828746,5228,3,63.304,9738.897409844425
9433,,,,2456.0,8547.243491828862,2854.029724828746,5229,3,63.295,9738.652309398749
9434,,,,2454.0,8548.243491828862,2855.029724828746,5230,3,63.286,9738.406884953072
9435,,,,2453.0,8549.243491828862,2856.029724828746,5231,3,63.279,7574.245017800964
9436,,,,2452.0,8550.243491828862,2857.029724828746,5232,3,63.27,9738.222872827426
9437,,,,2452.0,8551.243491828862,2858.029724828746,5233,3,63.261,9737.976512381749
9438,,,,2452.0,8552.243491828862,2859.029724828746,5234,3,63.251,10819.614286388065
9439,,,,2453.0,8553.243491828862,2860.029724828746,5235,3,63.24,11900.991547769496
9440,,,,2455.0,8554.243491828862,2861.029724828746,5236,3,63.229,11900.312821852162
9441,,,,2457.0,8555.243491828862,2862.029724828746,5237,3,63.217,12981.315822813998
9442,,,,2458.0,8556.243491828862,2863.029724828746,5238,3,63.206,11898.765680637609
9443,,,,2459.0,8557.243491828862,2864.029724828746,5239,3,63.195,11898.085480720272
9444,,,,2461.0,8558.243491828862,2865.029724828746,5240,3,63.185,10815.908124971163
9445,,,,2464.0,8559.243491828862,2866.029724828746,5241,3,63.175,10815.460076280482
9446,,,,2466.0,8560.243491828862,2867.029724828746,5242,3,63.164,11896.41862765116
9447,,,,2466.0,8561.243491828862,2868.029724828746,5243,3,63.155,9733.029449799338
9448,,,,2468.0,8562.243491828862,2869.029724828746,5244,3,63.148,7570.059278236951
9449,,,,2473.0,8563.243491828862,2870.029724828746,5245,3,63.141,7570.104201382435
9450,,,,2475.0,8564.243491828862,2871.029724828746,5246,3,63.135,6488.750467045334
9451,,,,2477.0,8565.243491828862,2872.029724828746,5247,3,63.13,5407.452347473938
9452,,,,2476.0,8566.243491828862,2873.029724828746,5248,3,63.125,5407.6553603070315
9453,,,,2476.0,8567.243491828862,2874.029724828746,5249,3,63.122,3244.766367338878
9454,,,,2475.0,8568.243491828862,2875.029724828746,5250,3,63.117,5408.232450827685
9455,,,,2476.0,8569.243491828862,2876.029724828746,5251,3,63.113,4326.782423891831
9456,,,,2476.0,8570.243491828862,2877.029724828746,5252,3,63.109,4327.013096100092
9457,,,,2475.0,8571.243491828862,2878.029724828746,5253,3,63.101,8654.213128832655
9458,,,,2477.0,8572.243491828862,2879.029724828746,5254,3,63.094,7572.419872157127
9459,,,,2478.0,8573.243491828862,2880.029724828746,5255,3,63.087,7572.463059294928
9460,,,,2479.0,8574.243491828862,2881.029724828746,5256,3,63.076,11899.275098258666
9461,,,,2480.0,8575.243491828862,2882.029724828746,5257,3,63.066,10816.98364546061
9462,,,,2481.0,8576.243491828862,2883.029724828746,5258,3,63.056,10816.529816769931
9463,,,,2481.0,8577.243491828862,2884.029724828746,5259,3,63.045,11897.588797189552
9464,,,,2482.0,8578.243491828862,2885.029724828746,5260,3,63.034,11896.899973272215
9465,,,,2482.0,8579.243491828862,2886.029724828746,5261,3,63.023,11896.210665339508
9466,,,,2482.0,8580.243491828862,2887.029724828746,5262,3,63.011,12976.828898990398
9467,,,,2484.0,8581.243491828862,2888.029724828746,5263,3,63.0,11894.641810140325
9468,,,,2487.0,8582.243491828862,2889.029724828746,5264,3,62.989,11893.951028215302
9469,,,,2489.0,8583.243491828862,2890.029724828746,5265,3,62.979,10812.14016178483
9470,,,,2490.0,8584.243491828862,2891.029724828746,5266,3,62.971,8649.48374236965
9471,,,,2491.0,8585.243491828862,2892.029724828746,5267,3,62.962,9730.489217901044
9472,,,,2490.0,8586.243491828862,2893.029724828746,5268,3,62.956,6486.975648024886
9473,,,,2490.0,8587.243491828862,2894.029724828746,5269,3,62.947,9730.437456165932
9474,,,,2488.0,8588.243491828862,2895.029724828746,5270,3,62.94,7568.037459196427
9475,,,,2488.0,8589.243491828862,2896.029724828746,5271,3,62.933,7568.076922326546
9476,,,,2489.0,8590.243491828862,2897.029724828746,5272,3,62.924,9730.280476360314
9477,,,,2490.0,8591.243491828862,2898.029724828746,5273,3,62.917,7567.914705784377
9478,,,,2489.0,8592.243491828862,2899.029724828746,5274,3,62.908,9730.071336234667
9479,,,,2489.0,8593.243491828862,2900.029724828746,5275,3,62.899,9729.811655788992
9480,,,,2491.0,8594.243491828862,2901.029724828746,5276,3,62.89,9729.551651343316
9481,,,,2491.0,8595.243491828862,2902.029724828746,5277,3,62.883,7567.346917882267
9482,,,,2492.0,8596.243491828862,2903.029724828746,5278,3,62.877,6486.381489194632
9483,,,,2492.0,8597.243491828862,2904.029724828746,5279,3,62.873,4324.413476395202
9484,,,,2492.0,8598.243491828862,2905.029724828746,5280,3,62.869,4324.641332595782
9485,,,,2494.0,8599.243491828862,2906.029724828746,5281,3,62.862,7568.340384295669
9486,,,,2493.0,8600.243491828862,2907.029724828746,5282,3,62.855,7568.377677441152
9487,,,,2493.0,8601.243491828862,2908.029724828746,5283,3,62.845,10811.763069226728
9488,,,,2494.0,8602.243491828862,2909.029724828746,5284,3,62.836,9730.247078669257
9489,,,,2493.0,8603.243491828862,2910.029724828746,5285,3,62.825,11892.013984689102
9490,,,,2492.0,8604.243491828862,2911.029724828746,5286,3,62.815,10810.371523139313
9491,,,,2492.0,8605.243491828862,2912.029724828746,5287,3,62.805,10809.906874433265
9492,,,,2491.0,8606.243491828862,2913.029724828746,5288,3,62.795,10809.4418257349
9493,,,,2491.0,8607.243491828862,2914.029724828746,5289,3,62.785,10808.976377044215
9494,,,,2489.0,8608.243491828862,2915.029724828746,5290,3,62.775,10808.510528338167
9495,,,,2487.0,8609.243491828862,2916.029724828746,5291,3,62.764,11888.754005923069
9496,,,,2485.0,8610.243491828862,2917.029724828746,5292,3,62.752,12968.679865445189
9497,,,,2484.0,8611.243491828862,2918.029724828746,5293,3,62.742,10806.59390764124
9498,,,,2484.0,8612.243491828862,2919.029724828746,5294,3,62.73,12967.144984881503
9499,,,,2484.0,8613.243491828862,2920.029724828746,5295,3,62.72,10805.313960497157
9500,,,,2484.0,8614.243491828862,2921.029724828746,5296,3,62.707,14045.963339843016
9501,,,,2485.0,8615.243491828862,2922.029724828746,5297,3,62.696,11884.151175666972
9502,,,,2486.0,8616.243491828862,2923.029724828746,5298,3,62.684,12963.655308066524
9503,,,,2487.0,8617.243491828862,2924.029724828746,5299,3,62.671,14042.789252934665
9504,,,,2489.0,8618.243491828862,2925.029724828746,5300,3,62.66,11881.463825821442
9505,,,,2489.0,8619.243491828862,2926.029724828746,5301,3,62.648,12960.72196168191
9506,,,,2486.0,8620.243491828862,2927.029724828746,5302,3,62.64,8640.104532836922
9507,,,,2482.0,8621.243491828862,2928.029724828746,5303,3,62.63,10799.831722211868
9508,,,,2480.0,8622.243491828862,2929.029724828746,5304,3,62.62,10799.359973521174
9509,,,,2480.0,8623.243491828862,2930.029724828746,5305,3,62.61,10798.887824815134
9510,,,,2480.0,8624.243491828862,2931.029724828746,5306,3,62.601,9718.651366698821
9511,,,,2479.0,8625.243491828862,2932.029724828746,5307,3,62.591,10798.11483228824
9512,,,,2477.0,8626.243491828862,2933.029724828746,5308,3,62.58,11877.310765275823
9513,,,,2476.0,8627.243491828862,2934.029724828746,5309,3,62.57,10796.995230021672
9514,,,,2477.0,8628.243491828862,2935.029724828746,5310,3,62.558,12955.618219747234
9515,,,,2478.0,8629.243491828862,2936.029724828746,5311,3,62.549,9716.208889790469
9516,,,,2479.0,8630.243491828862,2937.029724828746,5312,3,62.539,10795.39897905674
9517,,,,2479.0,8631.243491828862,2938.029724828746,5313,3,62.53,9715.508930516264
9518,,,,2477.0,8632.243491828862,2939.029724828746,5314,3,62.521,9715.236128070588
9519,,,,2475.0,8633.243491828862,2940.029724828746,5315,3,62.513,8635.591734061523
9520,,,,2474.0,8634.243491828862,2941.029724828746,5316,3,62.503,10794.185843742622
9521,,,,2472.0,8635.243491828862,2942.029724828746,5317,3,62.489,15110.708963432551
9522,,,,2472.0,8636.243491828862,2943.029724828746,5318,3,62.476,14029.966183431094
9523,,,,2470.0,8637.243491828862,2944.029724828746,5319,3,62.463,14028.671340130855
9524,,,,2472.0,8638.243491828862,2945.029724828746,5320,3,62.45,14027.375820830619
9525,,,,2471.0,8639.243491828862,2946.029724828746,5321,3,62.438,12947.254094490765
9526,,,,2471.0,8640.243491828862,2947.029724828746,5322,3,62.426,12946.26436036512
9527,,,,2473.0,8641.243491828862,2948.029724828746,5323,3,62.415,11866.596266400482
9528,,,,2477.0,8642.243491828862,2949.029724828746,5324,3,62.402,14023.085776952816
9529,,,,2480.0,8643.243491828862,2950.029724828746,5325,3,62.39,12943.291701988179
9530,,,,2481.0,8644.243491828862,2951.029724828746,5326,3,62.376,15099.107569024403
9531,,,,2479.0,8645.243491828862,2952.029724828746,5327,3,62.362,15097.465357567944
9532,,,,2477.0,8646.243491828862,2953.029724828746,5328,3,62.349,14017.661737428738
9533,,,,2477.0,8647.243491828862,2954.029724828746,5329,3,62.332,18328.498418675732
9534,,,,2478.0,8648.243491828862,2955.029724828746,5330,3,62.314,19403.44124908574
9535,,,,2479.0,8649.243491828862,2956.029724828746,5331,3,62.297,18322.444972928115
9536,,,,2478.0,8650.243491828862,2957.029724828746,5332,3,62.281,17242.080539598996
9537,,,,2479.0,8651.243491828862,2958.029724828746,5333,3,62.265,17239.64435093118
9538,,,,2480.0,8652.243491828862,2959.029724828746,5334,3,62.249,17237.207138263366
9539,,,,2485.0,8653.243491828862,2960.029724828746,5335,3,62.234,16157.725643900596
9540,,,,2488.0,8654.243491828862,2961.029724828746,5336,3,62.218,17232.60657671947
9541,,,,2493.0,8655.243491828862,2962.029724828746,5337,3,62.204,15076.63788036775
9542,,,,2495.0,8656.243491828862,2963.029724828746,5338,3,62.195,9691.452307260535
9543,,,,2494.0,8657.243491828862,2964.029724828746,1,4,62.185,10767.879455134596
9544,,,,2494.0,8658.243491828862,2965.029724828746,2,4,62.174,11844.035526406798
9545,,,,2495.0,8659.243491828862,2966.029724828746,3,4,62.162,12919.86838560089
9546,,,,2497.0,8660.243491828862,2967.029724828746,4,4,62.149,13995.32587326357
9547,,,,2498.0,8661.243491828862,2968.029724828746,5,4,62.138,11841.27966856127
9548,,,,2496.0,8662.243491828862,2969.029724828746,6,4,62.127,11840.550562628598
9549,,,,2494.0,8663.243491828862,2970.029724828746,7,4,62.117,10763.560243993357
9550,,,,2491.0,8664.243491828862,2971.029724828746,8,4,62.106,11839.281512135374
9551,,,,2487.0,8665.243491828862,2972.029724828746,9,4,62.096,10762.40572172679
9552,,,,2483.0,8666.243491828862,2973.029724828746,10,4,62.086,10761.914493020775
9553,,,,2479.0,8667.243491828862,2974.029724828746,11,4,62.074,12913.499423346148
9554,,,,2472.0,8668.243491828862,2975.029724828746,12,4,62.064,10760.58410588437
9555,,,,2469.0,8669.243491828862,2976.029724828746,13,4,62.051,13987.781027846391
9556,,,,2467.0,8670.243491828862,2977.029724828746,14,4,62.038,13986.463980553797
9557,,,,2465.0,8671.243491828862,2978.029724828746,15,4,62.027,11833.776061946577
9558,,,,2462.0,8672.243491828862,2979.029724828746,16,4,62.015,12908.669126561717
9559,,,,2457.0,8673.243491828862,2980.029724828746,17,4,62.006,9680.978979901332
9560,,,,2454.0,8674.243491828862,2981.029724828746,18,4,61.999,7529.546949427404
9561,,,,2450.0,8675.243491828862,2982.029724828746,19,4,61.992,7529.564810572848
9562,,,,2447.0,8676.243491828862,2983.029724828746,20,4,61.983,9680.735582095715
9563,,,,2443.0,8677.243491828862,2984.029724828746,21,4,61.973,10755.963942729244
9564,,,,2437.0,8678.243491828862,2985.029724828746,22,4,61.961,12906.353146996307
9565,,,,2433.0,8679.243491828862,2986.029724828746,23,4,61.947,15055.987836192906
9566,,,,2429.0,8680.243491828862,2987.029724828746,24,4,61.932,16129.498252864625
9567,,,,2425.0,8681.243491828862,2988.029724828746,25,4,61.918,15052.40809048518
9568,,,,2422.0,8682.243491828862,2989.029724828746,26,4,61.902,17200.5662265301
9569,,,,2419.0,8683.243491828862,2990.029724828746,27,4,61.886,17198.101525862287
9570,,,,2418.0,8684.243491828862,2991.029724828746,28,4,61.87,17195.635801202105
9571,,,,2417.0,8685.243491828862,2992.029724828746,29,4,61.855,16118.7262653985
9572,,,,2415.0,8686.243491828862,2993.029724828746,30,4,61.84,16116.673330819542
9573,,,,2411.0,8687.243491828862,2994.029724828746,31,4,61.827,13966.229431757616
9574,,,,2405.0,8688.243491828862,2995.029724828746,32,4,61.813,15039.001954611567
9575,,,,2401.0,8689.243491828862,2996.029724828746,33,4,61.798,16111.291159027473
9576,,,,2398.0,8690.243491828862,2997.029724828746,34,4,61.784,15035.407396903835
9577,,,,2396.0,8691.243491828862,2998.029724828746,35,4,61.771,13960.00566522588
9578,,,,2395.0,8692.243491828862,2999.029724828746,36,4,61.757,15032.296356824012
9579,,,,2393.0,8693.243491828862,3000.029724828746,37,4,61.743,15030.617997367586
9580,,,,2394.0,8694.243491828862,3001.029724828746,38,4,61.727,17175.65190298349
9581,,,,2393.0,8695.243491828862,3002.029724828746,39,4,61.711,17173.175458308044
9582,,,,2389.0,8696.243491828862,3003.029724828746,40,4,61.695,17170.69798964023
9583,,,,2386.0,8697.243491828862,3004.029724828746,41,4,61.681,15022.435582673397
9584,,,,2381.0,8698.243491828862,3005.029724828746,42,4,61.666,16093.533599799828
9585,,,,2379.0,8699.243491828862,3006.029724828746,43,4,61.652,15018.826324950409
9586,,,,2376.0,8700.243491828862,3007.029724828746,44,4,61.639,13944.602364561926
9587,,,,2374.0,8701.243491828862,3008.029724828746,45,4,61.625,15015.70108887821
9588,,,,2370.0,8702.243491828862,3009.029724828746,46,4,61.612,13941.698955630663
9589,,,,2365.0,8703.243491828862,3010.029724828746,47,4,61.598,15012.572828798386
9590,,,,2363.0,8704.243491828862,3011.029724828746,48,4,61.582,17155.019413173777
9591,,,,2361.0,8705.243491828862,3012.029724828746,49,4,61.566,17152.533208505964
9592,,,,2357.0,8706.243491828862,3013.029724828746,50,4,61.549,18221.775847443903
9593,,,,2356.0,8707.243491828862,3014.029724828746,51,4,61.531,19290.375521538066
9594,,,,2352.0,8708.243491828862,3015.029724828746,52,4,61.513,19286.94801975536
9595,,,,2351.0,8709.243491828862,3016.029724828746,53,4,61.495,19283.519221972652
9596,,,,2351.0,8710.243491828862,3017.029724828746,54,4,61.479,17138.135730624712
9597,,,,2349.0,8711.243491828862,3018.029724828746,55,4,61.462,18206.472764187463
9598,,,,2347.0,8712.243491828862,3019.029724828746,56,4,61.447,16062.197030058513
9599,,,,2347.0,8713.243491828862,3020.029724828746,57,4,61.432,16060.11970548719
9600,,,,2347.0,8714.243491828862,3021.029724828746,58,4,61.414,19269.17920795048
9601,,,,2348.0,8715.243491828862,3022.029724828746,59,4,61.398,17125.383739493893
9602,,,,2350.0,8716.243491828862,3023.029724828746,60,4,61.381,18192.918214618574
9603,,,,2351.0,8717.243491828862,3024.029724828746,61,4,61.364,18189.966890880296
9604,,,,2352.0,8718.243491828862,3025.029724828746,62,4,61.348,17117.329525906967
9605,,,,2353.0,8719.243491828862,3026.029724828746,63,4,61.332,17114.82866523915
9606,,,,2353.0,8720.243491828862,3027.029724828746,64,4,61.316,17112.326780571337
9607,,,,2353.0,8721.243491828862,3028.029724828746,65,4,61.299,18179.03960276335
9608,,,,2351.0,8722.243491828862,3029.029724828746,66,4,61.283,17107.040827443965
9609,,,,2351.0,8723.243491828862,3030.029724828746,67,4,61.266,18173.42103356552
9610,,,,2351.0,8724.243491828862,3031.029724828746,68,4,61.248,19239.15540884331
9611,,,,2351.0,8725.243491828862,3032.029724828746,69,4,61.233,16030.14822184097
9612,,,,2351.0,8726.243491828862,3033.029724828746,70,4,61.215,19233.199135567425
9613,,,,2352.0,8727.243491828862,3034.029724828746,71,4,61.2,16025.18268078406
9614,,,,2352.0,8728.243491828862,3035.029724828746,72,4,61.184,17091.15762406944
9615,,,,2354.0,8729.243491828862,3036.029724828746,73,4,61.168,17088.646395394037
9616,,,,2355.0,8730.243491828862,3037.029724828746,74,4,61.153,16018.38171246058
9617,,,,2353.0,8731.243491828862,3038.029724828746,75,4,61.134,20286.633884818486
9618,,,,2350.0,8732.243491828862,3039.029724828746,76,4,61.117,18147.93348503591
9619,,,,2345.0,8733.243491828862,3040.029724828746,77,4,61.097,21346.492402203203
9620,,,,2342.0,8734.243491828862,3041.029724828746,78,4,61.078,20275.017773667874
9621,,,,2342.0,8735.243491828862,3042.029724828746,79,4,61.059,20271.032252874353
9622,,,,2347.0,8736.243491828862,3043.029724828746,80,4,61.042,18133.969132124163
9623,,,,2352.0,8737.243491828862,3044.029724828746,81,4,61.021,22396.377199206083
9624,,,,2358.0,8738.243491828862,3045.029724828746,82,4,61.004,18126.830755540297
9625,,,,2362.0,8739.243491828862,3046.029724828746,83,4,60.988,17057.884672881104
9626,,,,2367.0,8740.243491828862,3047.029724828746,84,4,60.977,11726.041772292947
9627,,,,2371.0,8741.243491828862,3048.029724828746,85,4,60.966,11725.268006360351
9628,,,,2375.0,8742.243491828862,3049.029724828746,86,4,60.956,10658.718110105465
9629,,,,2379.0,8743.243491828862,3050.029724828746,87,4,60.948,8526.690837026092
9630,,,,2382.0,8744.243491828862,3051.029724828746,88,4,60.94,8526.546805859138
9631,,,,2384.0,8745.243491828862,3052.029724828746,89,4,60.93,10657.828243489714
9632,,,,2385.0,8746.243491828862,3053.029724828746,90,4,60.92,10657.297694791348
9633,,,,2385.0,8747.243491828862,3054.029724828746,91,4,60.909,11722.347201029172
9634,,,,2388.0,8748.243491828862,3055.029724828746,92,4,60.897,12787.06256118896
9635,,,,2391.0,8749.243491828862,3056.029724828746,93,4,60.886,11720.600321814734
9636,,,,2392.0,8750.243491828862,3057.029724828746,94,4,60.874,12785.155770781472
9637,,,,2393.0,8751.243491828862,3058.029724828746,95,4,60.865,9588.308683066149
9638,,,,2394.0,8752.243491828862,3059.029724828746,96,4,60.859,6392.148520796501
9810,,,,2479.0,8924.243491828862,3231.029724828746,268,4,60.855,4344.821489463142
9811,,,,2477.0,8925.243491828862,3232.029724828746,269,4,60.842,14120.279643924223
9812,,,,2474.0,8926.243491828862,3233.029724828746,270,4,60.83,13032.886777654108
9813,,,,2472.0,8927.243491828862,3234.029724828746,271,4,60.817,14117.641057654535
9814,,,,2470.0,8928.243491828862,3235.029724828746,272,4,60.805,13030.449959559011
9815,,,,2469.0,8929.243491828862,3236.029724828746,273,4,60.793,13029.337801433365
9816,,,,2467.0,8930.243491828862,3237.029724828746,274,4,60.782,11942.637877713056
9817,,,,2464.0,8931.243491828862,3238.029724828746,275,4,60.771,11941.81384178032
9818,,,,2460.0,8932.243491828862,3239.029724828746,276,4,60.76,11940.989321863011
9819,,,,2456.0,8933.243491828862,3240.029724828746,277,4,60.747,14110.871020499408
9820,,,,2454.0,8934.243491828862,3241.029724828746,278,4,60.735,13024.197214492739
9821,,,,2452.0,8935.243491828862,3242.029724828746,279,4,60.724,11937.923132017482
9822,,,,2449.0,8936.243491828862,3243.029724828746,280,4,60.711,14107.245469591056
9823,,,,2447.0,8937.243491828862,3244.029724828746,281,4,60.699,13020.848788115798
9824,,,,2445.0,8938.243491828862,3245.029724828746,282,4,60.69,9765.039953066893
9825,,,,2443.0,8939.243491828862,3246.029724828746,283,4,60.678,13019.257249395916
9826,,,,2438.0,8940.243491828862,3247.029724828746,284,4,60.668,10848.627867592491
9827,,,,2434.0,8941.243491828862,3248.029724828746,285,4,60.656,13017.44910483223
9828,,,,2430.0,8942.243491828862,3249.029724828746,286,4,60.644,13016.329626706583
9829,,,,2425.0,8943.243491828862,3250.029724828746,287,4,60.63,15184.160757188185
9830,,,,2422.0,8944.243491828862,3251.029724828746,288,4,60.616,15182.352449747095
9831,,,,2419.0,8945.243491828862,3252.029724828746,289,4,60.601,16264.733705235903
9832,,,,2417.0,8946.243491828862,3253.029724828746,290,4,60.586,16262.52615066458
9833,,,,2416.0,8947.243491828862,3254.029724828746,291,4,60.573,14092.507964942377
9834,,,,2413.0,8948.243491828862,3255.029724828746,292,4,60.559,15174.860829134133
9835,,,,2412.0,8949.243491828862,3256.029724828746,293,4,60.545,15173.048573677635
9836,,,,2413.0,8950.243491828862,3257.029724828746,294,4,60.533,13004.130978044352
9837,,,,2413.0,8951.243491828862,3258.029724828746,295,4,60.521,13003.005955918705
9838,,,,2412.0,8952.243491828862,3259.029724828746,296,4,60.508,14085.254008441187
9839,,,,2409.0,8953.243491828862,3260.029724828746,297,4,60.498,10833.961819727974
9840,,,,2408.0,8954.243491828862,3261.029724828746,298,4,60.486,12999.842335385569
9841,,,,2407.0,8955.243491828862,3262.029724828746,299,4,60.472,15164.91679198034
9842,,,,2405.0,8956.243491828862,3263.029724828746,300,4,60.46,12997.157255446667
9843,,,,2403.0,8957.243491828862,3264.029724828746,301,4,60.447,14078.914705263147
9844,,,,2399.0,8958.243491828862,3265.029724828746,302,4,60.435,12994.68467735157
9845,,,,2396.0,8959.243491828862,3266.029724828746,303,4,60.42,16241.540583075272
9846,,,,2394.0,8960.243491828862,3267.029724828746,304,4,60.406,15156.825322015135
9847,,,,2392.0,8961.243491828862,3268.029724828746,305,4,60.392,15155.004078558646
9848,,,,2390.0,8962.243491828862,3269.029724828746,306,4,60.376,17317.635552344793
9849,,,,2388.0,8963.243491828862,3270.029724828746,307,4,60.363,14068.769727476994
9850,,,,2387.0,8964.243491828862,3271.029724828746,308,4,60.349,15149.284645402175
9851,,,,2384.0,8965.243491828862,3272.029724828746,309,4,60.335,15147.46023794569
9852,,,,2381.0,8966.243491828862,3273.029724828746,310,4,60.323,12982.188086845534
9853,,,,2379.0,8967.243491828862,3274.029724828746,311,4,60.309,15144.311236691325
9854,,,,2378.0,8968.243491828862,3275.029724828746,312,4,60.296,14060.99508231423
9855,,,,2377.0,8969.243491828862,3276.029724828746,313,4,60.284,12978.136562937181
9856,,,,2374.0,8970.243491828862,3277.029724828746,314,4,60.27,15139.582274790564
9857,,,,2371.0,8971.243491828862,3278.029724828746,315,4,60.258,12975.43242699828
9858,,,,2368.0,8972.243491828862,3279.029724828746,316,4,60.244,15136.425993536195
9859,,,,2366.0,8973.243491828862,3280.029724828746,317,4,60.23,15134.595510087398
9860,,,,2364.0,8974.243491828862,3281.029724828746,318,4,60.214,17294.300530075463
9861,,,,2362.0,8975.243491828862,3282.029724828746,319,4,60.199,16211.039918724446
9862,,,,2360.0,8976.243491828862,3283.029724828746,320,4,60.185,15128.345351280015
9863,,,,2359.0,8977.243491828862,3284.029724828746,321,4,60.171,15126.511647838895
9864,,,,2358.0,8978.243491828862,3285.029724828746,322,4,60.159,12964.224472461694
9865,,,,2357.0,8979.243491828862,3286.029724828746,323,4,60.146,14043.2225476961
9866,,,,2355.0,8980.243491828862,3287.029724828746,324,4,60.135,11881.67934185035
9867,,,,2351.0,8981.243491828862,3288.029724828746,325,4,60.124,11880.828971917652
9868,,,,2347.0,8982.243491828862,3289.029724828746,326,4,60.114,10800.069929710711
9869,,,,2343.0,8983.243491828862,3290.029724828746,327,4,60.101,14038.96801281066
9870,,,,2341.0,8984.243491828862,3291.029724828746,328,4,60.09,11878.077304785766
9871,,,,2339.0,8985.243491828862,3292.029724828746,329,4,60.078,12956.86487911358
9872,,,,2336.0,8986.243491828862,3293.029724828746,330,4,60.068,10796.612105698228
9873,,,,2332.0,8987.243491828862,3294.029724828746,331,4,60.057,11875.518869010699
9874,,,,2324.0,8988.243491828862,3295.029724828746,332,4,60.045,12954.07223826805
9875,,,,2319.0,8989.243491828862,3296.029724828746,333,4,60.031,15111.493621350923
9876,,,,2315.0,8990.243491828862,3297.029724828746,334,4,60.017,15109.650509894458
9877,,,,2313.0,8991.243491828862,3298.029724828746,335,4,60.001,17265.77698244283
9878,,,,2311.0,8992.243491828862,3299.029724828746,336,4,59.987,15105.458369361322
9879,,,,2303.0,8993.243491828862,3300.029724828746,337,4,59.973,15103.612849920191
9880,,,,2299.0,8994.243491828862,3301.029724828746,338,4,59.959,15101.76654646373
9881,,,,2296.0,8995.243491828862,3302.029724828746,339,4,59.943,17256.76296252199
9882,,,,2294.0,8996.243491828862,3303.029724828746,340,4,59.929,15097.567797930595
9883,,,,2292.0,8997.243491828862,3304.029724828746,341,4,59.915,15095.71908648946
9884,,,,2289.0,8998.243491828862,3305.029724828746,342,4,59.901,15093.869591033003
9885,,,,2287.0,8999.243491828862,3306.029724828746,343,4,59.887,15092.019311591865
9886,,,,2286.0,9000.243491828862,3307.029724828746,344,4,59.874,14012.41609072189
9887,,,,2284.0,9001.243491828862,3308.029724828746,345,4,59.86,15088.568435512041
9888,,,,2284.0,9002.243491828862,3309.029724828746,346,4,59.85,10776.585684066187
9889,,,,2283.0,9003.243491828862,3310.029724828746,347,4,59.84,10775.982135367822
9890,,,,2281.0,9004.243491828862,3311.029724828746,348,4,59.83,10775.378186677111
9891,,,,2279.0,9005.243491828862,3312.029724828746,349,4,59.82,10774.77383797109
9892,,,,2278.0,9006.243491828862,3313.029724828746,350,4,59.81,10774.169089272724
9893,,,,2276.0,9007.243491828862,3314.029724828746,351,4,59.796,15082.485111174683
9894,,,,2280.0,9008.243491828862,3315.029724828746,352,4,59.784,12926.469081035233
9895,,,,2282.0,9009.243491828862,3316.029724828746,353,4,59.773,11848.299365673762
9896,,,,2284.0,9010.243491828862,3317.029724828746,354,4,59.764,9693.517286545088
9897,,,,2283.0,9011.243491828862,3318.029724828746,355,4,59.756,8616.190577149962
9898,,,,2281.0,9012.243491828862,3319.029724828746,356,4,59.75,6462.103024407244
9899,,,,2279.0,9013.243491828862,3320.029724828746,357,4,59.743,7539.136531981479
9900,,,,2278.0,9014.243491828862,3321.029724828746,358,4,59.736,7539.089587126931
9901,,,,2279.0,9015.243491828862,3322.029724828746,359,4,59.728,8615.97638805797
9902,,,,2279.0,9016.243491828862,3323.029724828746,360,4,59.719,9692.669127316705
9903,,,,2279.0,9017.243491828862,3324.029724828746,361,4,59.709,10769.11355741923
9904,,,,2277.0,9018.243491828862,3325.029724828746,362,4,59.7,9691.7349340425
9905,,,,2276.0,9019.243491828862,3326.029724828746,363,4,59.691,9691.348497596824
9906,,,,2274.0,9020.243491828862,3327.029724828746,364,4,59.681,10767.645061071458
9907,,,,2271.0,9021.243491828862,3328.029724828746,365,4,59.672,9690.412270322618
9908,,,,2268.0,9022.243491828862,3329.029724828746,366,4,59.661,11843.165208709897
9909,,,,2265.0,9023.243491828862,3330.029724828746,367,4,59.649,12918.758172121708
9910,,,,2264.0,9024.243491828862,3331.029724828746,368,4,59.638,11841.224267510683
9911,,,,2262.0,9025.243491828862,3332.029724828746,369,4,59.626,12916.639677714218
9912,,,,2259.0,9026.243491828862,3333.029724828746,370,4,59.614,12915.47128758857
9913,,,,2256.0,9027.243491828862,3334.029724828746,371,4,59.603,11838.209761014326
9914,,,,2255.0,9028.243491828862,3335.029724828746,372,4,59.592,11837.33631309695
9915,,,,2252.0,9029.243491828862,3336.029724828746,373,4,59.581,11836.462381164281
9916,,,,2246.0,9030.243491828862,3337.029724828746,374,4,59.572,9683.825425037327
9917,,,,2242.0,9031.243491828862,3338.029724828746,375,4,59.561,11835.110440035523
9918,,,,2236.0,9032.243491828862,3339.029724828746,376,4,59.551,10758.485867985053
9919,,,,2230.0,9033.243491828862,3340.029724828746,377,4,59.541,10757.870339294332
9920,,,,2226.0,9034.243491828862,3341.029724828746,378,4,59.534,7530.267806524389
9921,,,,2223.0,9035.243491828862,3342.029724828746,379,4,59.524,10757.180196499467
9922,,,,2221.0,9036.243491828862,3343.029724828746,380,4,59.517,7529.784230573335
9923,,,,2219.0,9037.243491828862,3344.029724828746,381,4,59.509,8605.335550870252
9924,,,,2216.0,9038.243491828862,3345.029724828746,382,4,59.502,7529.55277344005
9925,,,,2214.0,9039.243491828862,3346.029724828746,383,4,59.495,7529.500004585494
9926,,,,2211.0,9040.243491828862,3347.029724828746,384,4,59.487,8605.010009153484
9927,,,,2206.0,9041.243491828862,3348.029724828746,385,4,59.48,7529.26730145221
9928,,,,2201.0,9042.243491828862,3349.029724828746,386,4,59.472,8604.743582715446
9929,,,,2196.0,9043.243491828862,3350.029724828746,387,4,59.463,9680.023482306358
9930,,,,2193.0,9044.243491828862,3351.029724828746,388,4,59.455,8604.18678049331
9931,,,,2189.0,9045.243491828862,3352.029724828746,389,4,59.446,9679.396467797858
9932,,,,2185.0,9046.243491828862,3353.029724828746,390,4,59.438,8603.628890255892
9933,,,,2182.0,9047.243491828862,3354.029724828746,391,4,59.429,9678.768229289359
9934,,,,2177.0,9048.243491828862,3355.029724828746,392,4,59.42,9678.372216843683
9935,,,,2174.0,9049.243491828862,3356.029724828746,393,4,59.413,7527.441263056873
9936,,,,2172.0,9050.243491828862,3357.029724828746,394,4,59.403,10753.13730724924
9937,,,,2169.0,9051.243491828862,3358.029724828746,395,4,59.396,7526.950729098177
9938,,,,2165.0,9052.243491828862,3359.029724828746,396,4,59.388,8602.09352747007
9939,,,,2163.0,9053.243491828862,3360.029724828746,397,4,59.382,6451.5223771473275
9940,,,,2160.0,9054.243491828862,3361.029724828746,398,4,59.373,9677.130172849595
9941,,,,2162.0,9055.243491828862,3362.029724828746,399,4,59.364,9676.732018403918
9942,,,,2164.0,9056.243491828862,3363.029724828746,400,4,59.356,8601.257818794613
9943,,,,2163.0,9057.243491828862,3364.029724828746,401,4,59.351,5375.791015925393
9944,,,,2160.0,9058.243491828862,3365.029724828746,402,4,59.345,6451.063617036956
9945,,,,2159.0,9059.243491828862,3366.029724828746,403,4,59.337,8601.353088773098
9946,,,,2157.0,9060.243491828862,3367.029724828746,404,4,59.33,7526.063401119367
9947,,,,2157.0,9061.243491828862,3368.029724828746,405,4,59.324,6450.916711677015
9948,,,,2156.0,9062.243491828862,3369.029724828746,406,4,59.317,7526.075410796215
9949,,,,2156.0,9063.243491828862,3370.029724828746,407,4,59.311,6450.9266936922895
9950,,,,2155.0,9064.243491828862,3371.029724828746,408,4,59.309,2150.401126004107
9951,,,,2152.0,9065.243491828862,3372.029724828746,409,4,59.305,4301.0591661567705
9952,,,,2148.0,9066.243491828862,3373.029724828746,410,4,59.302,3225.9598255061596
9953,,,,2143.0,9067.243491828862,3374.029724828746,411,4,59.297,5376.830054439806
9954,,,,2135.0,9068.243491828862,3375.029724828746,412,4,59.292,5376.9696372575745
9955,,,,2132.0,9069.243491828862,3376.029724828746,413,4,59.284,8603.156930299667
9956,,,,2131.0,9070.243491828862,3377.029724828746,414,4,59.276,8602.944547125071
9957,,,,2132.0,9071.243491828862,3378.029724828746,415,4,59.268,8602.731907965757
9958,,,,2132.0,9072.243491828862,3379.029724828746,416,4,59.265,3226.0807134509737
9959,,,,2129.0,9073.243491828862,3380.029724828746,417,4,59.261,4301.661032447647
9960,,,,2126.0,9074.243491828862,3381.029724828746,418,4,59.258,3226.410793224317
9961,,,,2124.0,9075.243491828862,3382.029724828746,419,4,59.253,5377.5809073034025
9962,,,,2121.0,9076.243491828862,3383.029724828746,420,4,59.248,5377.719650128811
9963,,,,2119.0,9077.243491828862,3384.029724828746,421,4,59.243,5377.858292946577
9964,,,,2118.0,9078.243491828862,3385.029724828746,422,4,59.238,5377.996835779628
9965,,,,2117.0,9079.243491828862,3386.029724828746,423,4,59.232,6453.707858862036
9966,,,,2115.0,9080.243491828862,3387.029724828746,424,4,59.226,6453.7649013306245
9967,,,,2113.0,9081.243491828862,3388.029724828746,425,4,59.22,6453.821799799212
9968,,,,2111.0,9082.243491828862,3389.029724828746,426,4,59.214,6453.878554267801
9969,,,,2111.0,9083.243491828862,3390.029724828746,427,4,59.208,6453.935164736389
9970,,,,2109.0,9084.243491828862,3391.029724828746,428,4,59.202,6453.991631204977
9971,,,,2108.0,9085.243491828862,3392.029724828746,429,4,59.196,6454.047953673566
9972,,,,2104.0,9086.243491828862,3393.029724828746,430,4,59.188,8605.326796288575
9973,,,,2102.0,9087.243491828862,3394.029724828746,431,4,59.18,8605.110701129264
9974,,,,2098.0,9088.243491828862,3395.029724828746,432,4,59.172,8604.89434996231
9975,,,,2098.0,9089.243491828862,3396.029724828746,433,4,59.165,7529.156649645602
9976,,,,2099.0,9090.243491828862,3397.029724828746,434,4,59.156,9680.100301770512
9977,,,,2099.0,9091.243491828862,3398.029724828746,435,4,59.15,6453.291915266076
9978,,,,2098.0,9092.243491828862,3399.029724828746,436,4,59.143,7528.841315650118
9979,,,,2094.0,9093.243491828862,3400.029724828746,437,4,59.139,4302.268106799622
9980,,,,2092.0,9094.243491828862,3401.029724828746,438,4,59.133,6453.566197593744
9981,,,,2090.0,9095.243491828862,3402.029724828746,439,4,59.126,7529.160800706706
9982,,,,2087.0,9096.243491828862,3403.029724828746,440,4,59.118,8604.609723577727
9983,,,,2085.0,9097.243491828862,3404.029724828746,441,4,59.11,8604.391228418415
9984,,,,2085.0,9098.243491828862,3405.029724828746,442,4,59.101,9679.6121527136
9985,,,,2086.0,9099.243491828862,3406.029724828746,443,4,59.096,5377.51641502123
9986,,,,2086.0,9100.243491828862,3407.029724828746,444,4,59.09,6453.128263944318
9987,,,,2084.0,9101.243491828862,3408.029724828746,445,4,59.085,5377.69724823713
9988,,,,2081.0,9102.243491828862,3409.029724828746,446,4,59.08,5377.833011062538
9989,,,,2077.0,9103.243491828862,3410.029724828746,447,4,59.074,6453.507789201529
9990,,,,2075.0,9104.243491828862,3411.029724828746,448,4,59.068,6453.561207670116
9991,,,,2073.0,9105.243491828862,3412.029724828746,449,4,59.059,9680.175881633779
9992,,,,2072.0,9106.243491828862,3413.029724828746,450,4,59.051,8604.307350554485
9993,,,,2072.0,9107.243491828862,3414.029724828746,451,4,59.041,10754.925984376041
9994,,,,2071.0,9108.243491828862,3415.029724828746,452,4,59.034,7528.190952081588
9995,,,,2069.0,9109.243491828862,3416.029724828746,453,4,59.028,6452.733030794039
9996,,,,2066.0,9110.243491828862,3417.029724828746,454,4,59.023,5377.366772264554
9997,,,,2061.0,9111.243491828862,3418.029724828746,455,4,59.016,7528.374493729289
9998,,,,2061.0,9112.243491828862,3419.029724828746,456,4,59.008,8603.707407032109
9999,,,,2061.0,9113.243491828862,3420.029724828746,457,4,58.998,10754.174114973068
10000,,,,2060.0,9114.243491828862,3421.029724828746,458,4,58.99,8602.970888906462
10001,,,,2060.0,9115.243491828862,3422.029724828746,459,4,58.983,7527.468343236063
10002,,,,2062.0,9116.243491828862,3423.029724828746,460,4,58.978,5376.805992693232
10003,,,,2064.0,9117.243491828862,3424.029724828746,461,4,58.974,4301.5884173980485
10004,,,,2065.0,9118.243491828862,3425.029724828746,462,4,58.969,5377.164960778967
10005,,,,2065.0,9119.243491828862,3426.029724828746,463,4,58.964,5377.298713612016
10006,,,,2064.0,9120.243491828862,3427.029724828746,464,4,58.959,5377.4323664297835
10007,,,,2063.0,9121.243491828862,3428.029724828746,465,4,58.951,8603.886560975203
10008,,,,2062.0,9122.243491828862,3429.029724828746,466,4,58.94,11829.734482450154
10009,,,,2062.0,9123.243491828862,3430.029724828746,467,4,58.932,8602.999654946045
10010,,,,2063.0,9124.243491828862,3431.029724828746,468,4,58.922,10753.285924865488
10011,,,,2064.0,9125.243491828862,3432.029724828746,469,4,58.912,10752.639416159482
10012,,,,2066.0,9126.243491828862,3433.029724828746,470,4,58.903,9676.875392908723
10013,,,,2068.0,9127.243491828862,3434.029724828746,471,4,58.893,10751.527743632587
10014,,,,2071.0,9128.243491828862,3435.029724828746,472,4,58.885,8600.850095847829
10015,,,,2074.0,9129.243491828862,3436.029724828746,473,4,58.878,7525.609709295434
10016,,,,2076.0,9130.243491828862,3437.029724828746,474,4,58.873,5375.476507034451
10017,,,,2076.0,9131.243491828862,3438.029724828746,475,4,58.868,5375.608699852221
10018,,,,2076.0,9132.243491828862,3439.029724828746,476,4,58.863,5375.740792685269
10019,,,,2076.0,9133.243491828862,3440.029724828746,477,4,58.856,7526.094034299951
10020,,,,2077.0,9134.243491828862,3441.029724828746,478,4,58.848,8601.095967700667
10021,,,,2078.0,9135.243491828862,3442.029724828746,479,4,58.84,8600.868288526073
10022,,,,2079.0,9136.243491828862,3443.029724828746,480,4,58.832,8600.64035336676
10023,,,,2079.0,9137.243491828862,3444.029724828746,481,4,58.823,9675.38144728049
10024,,,,2079.0,9138.243491828862,3445.029724828746,482,4,58.814,9674.959946834813
10025,,,,2080.0,9139.243491828862,3446.029724828746,483,4,58.803,11824.23441956578
10026,,,,2080.0,9140.243491828862,3447.029724828746,484,4,58.792,11823.316267633121
10027,,,,2081.0,9141.243491828862,3448.029724828746,485,4,58.779,13971.68680150953
10028,,,,2085.0,9142.243491828862,3449.029724828746,486,4,58.769,10746.524379780489
10029,,,,2087.0,9143.243491828862,3450.029724828746,487,4,58.759,10745.871211074487
10030,,,,2087.0,9144.243491828862,3451.029724828746,488,4,58.75,9670.778176332225
10031,,,,2087.0,9145.243491828862,3452.029724828746,489,4,58.74,10744.746578547592
10032,,,,2089.0,9146.243491828862,3453.029724828746,490,4,58.731,9669.76532305802
10033,,,,2091.0,9147.243491828862,3454.029724828746,491,4,58.719,12892.124977384086
10034,,,,2093.0,9148.243491828862,3455.029724828746,492,4,58.709,10742.59936758266
10035,,,,2093.0,9149.243491828862,3456.029724828746,493,4,58.699,10741.943798891925
10036,,,,2094.0,9150.243491828862,3457.029724828746,494,4,58.689,10741.287830185927
10037,,,,2097.0,9151.243491828862,3458.029724828746,495,4,58.677,12888.538123944323
10038,,,,2099.0,9152.243491828862,3459.029724828746,496,4,58.663,15034.939518639894
10039,,,,2105.0,9153.243491828862,3460.029724828746,497,4,58.652,11811.940362678293
10040,,,,2108.0,9154.243491828862,3461.029724828746,498,4,58.642,10737.378361303608
10041,,,,2110.0,9155.243491828862,3462.029724828746,499,4,58.636,6442.251877408476
10042,,,,2111.0,9156.243491828862,3463.029724828746,500,4,58.631,5368.626027784222
10043,,,,2112.0,9157.243491828862,3464.029724828746,501,4,58.63,1073.7875290928416
10045,,,,2118.0,9159.243491828862,3466.029724828746,503,4,58.625,5369.835478174713
10046,,,,2123.0,9160.243491828862,3467.029724828746,504,4,58.619,6443.901527736142
10047,,,,2126.0,9161.243491828862,3468.029724828746,505,4,58.609,10739.542520599001
10048,,,,2130.0,9162.243491828862,3469.029724828746,506,4,58.6,9665.076576904288
10049,,,,2129.0,9163.243491828862,3470.029724828746,507,4,58.59,10738.405048072107
10050,,,,2130.0,9164.243491828862,3471.029724828746,508,4,58.581,9664.052167630083
10051,,,,2133.0,9165.243491828862,3472.029724828746,509,4,58.574,7516.278709001844
10052,,,,2137.0,9166.243491828862,3473.029724828746,510,4,58.568,6442.512570719143
10053,,,,2140.0,9167.243491828862,3474.029724828746,511,4,58.562,6442.555381187732
10054,,,,2144.0,9168.243491828862,3475.029724828746,512,4,58.557,5368.8775475926395
10055,,,,2145.0,9169.243491828862,3476.029724828746,513,4,58.549,8590.187426835755
10056,,,,2145.0,9170.243491828862,3477.029724828746,514,4,58.542,7516.270864909875
10057,,,,2145.0,9171.243491828862,3478.029724828746,515,4,58.534,8589.860024397714
10058,,,,2146.0,9172.243491828862,3479.029724828746,516,4,58.525,9663.242858190319
10059,,,,2149.0,9173.243491828862,3480.029724828746,517,4,58.514,11809.899695437101
10060,,,,2152.0,9174.243491828862,3481.029724828746,518,4,58.502,12882.399317278641
10061,,,,2154.0,9175.243491828862,3482.029724828746,519,4,58.495,7514.331739699879
10062,,,,2155.0,9176.243491828862,3483.029724828746,520,4,58.492,3220.5035921358713
10091,,,,2201.0,9205.243491828862,3512.029724828746,549,4,58.483,9691.050217110496
10092,,,,2205.0,9206.243491828862,3513.029724828746,550,4,58.471,12920.484016120721
10093,,,,2208.0,9207.243491828862,3514.029724828746,551,4,58.459,12919.235777987426
10094,,,,2213.0,9208.243491828862,3515.029724828746,552,4,58.449,10765.173301432793
10095,,,,2212.0,9209.243491828862,3516.029724828746,553,4,58.446,3229.5435539321265
10188,,,,2229.0,9302.243491828862,3609.029724828746,646,4,58.444,2174.678483514683
10189,,,,2226.0,9303.243491828862,3610.029724828746,647,4,58.435,9786.18416473356
10190,,,,2223.0,9304.243491828862,3611.029724828746,648,4,58.429,6523.986668574777
10191,,,,2220.0,9305.243491828862,3612.029724828746,649,4,58.419,10872.99091533775
10192,,,,2218.0,9306.243491828862,3613.029724828746,650,4,58.411,8697.987417198106
10193,,,,2216.0,9307.243491828862,3614.029724828746,651,4,58.403,8697.730730038878
10194,,,,2211.0,9308.243491828862,3615.029724828746,652,4,58.395,8697.473786864199
10195,,,,2209.0,9309.243491828862,3616.029724828746,653,4,58.387,8697.21658770497
10196,,,,2205.0,9310.243491828862,3617.029724828746,654,4,58.379,8696.959132538015
10197,,,,2201.0,9311.243491828862,3618.029724828746,655,4,58.37,9783.70529784812
10198,,,,2196.0,9312.243491828862,3619.029724828746,656,4,58.361,9783.247455402445
10199,,,,2193.0,9313.243491828862,3620.029724828746,657,4,58.352,9782.789288956768
10200,,,,2190.0,9314.243491828862,3621.029724828746,658,4,58.344,8695.479668174867
10201,,,,2186.0,9315.243491828862,3622.029724828746,659,4,58.334,10868.839801393917
10202,,,,2183.0,9316.243491828862,3623.029724828746,660,4,58.325,9781.41284561974
10203,,,,2180.0,9317.243491828862,3624.029724828746,661,4,58.315,10867.632808874745
10204,,,,2180.0,9318.243491828862,3625.029724828746,662,4,58.304,11953.526615504796
10205,,,,2179.0,9319.243491828862,3626.029724828746,663,4,58.295,9779.530247134153
10206,,,,2177.0,9320.243491828862,3627.029724828746,664,4,58.287,8692.581014118043
10207,,,,2174.0,9321.243491828862,3628.029724828746,665,4,58.279,8692.320550943368
10208,,,,2170.0,9322.243491828862,3629.029724828746,666,4,58.271,8692.059831784134
10209,,,,2166.0,9323.243491828862,3630.029724828746,667,4,58.261,10864.562105895848
10210,,,,2163.0,9324.243491828862,3631.029724828746,668,4,58.252,9777.560237671476
10211,,,,2160.0,9325.243491828862,3632.029724828746,669,4,58.242,10863.349153376672
10212,,,,2157.0,9326.243491828862,3633.029724828746,670,4,58.231,11948.81114045692
10213,,,,2155.0,9327.243491828862,3634.029724828746,671,4,58.222,9775.669377185888
10214,,,,2151.0,9328.243491828862,3635.029724828746,672,4,58.211,11947.269119328234
10215,,,,2149.0,9329.243491828862,3636.029724828746,673,4,58.201,10860.358933705655
10216,,,,2147.0,9330.243491828862,3637.029724828746,674,4,58.192,9773.7752767003
10217,,,,2146.0,9331.243491828862,3638.029724828746,675,4,58.184,8687.462340843505
10218,,,,2142.0,9332.243491828862,3639.029724828746,676,4,58.176,8687.198821668837
10219,,,,2138.0,9333.243491828862,3640.029724828746,677,4,58.167,9772.717928128977
10220,,,,2134.0,9334.243491828862,3641.029724828746,678,4,58.158,9772.252867683303
10221,,,,2131.0,9335.243491828862,3642.029724828746,679,4,58.147,11943.090437491737
10222,,,,2128.0,9336.243491828862,3643.029724828746,680,4,58.136,11942.110421559
10223,,,,2126.0,9337.243491828862,3644.029724828746,681,4,58.125,11941.129921641692
10224,,,,2123.0,9338.243491828862,3645.029724828746,682,4,58.114,11940.148937716669
10225,,,,2120.0,9339.243491828862,3646.029724828746,683,4,58.105,9768.577854392097
10226,,,,2116.0,9340.243491828862,3647.029724828746,684,4,58.094,11938.596488572552
10227,,,,2110.0,9341.243491828862,3648.029724828746,685,4,58.085,9767.306948735039
10228,,,,2105.0,9342.243491828862,3649.029724828746,686,4,58.074,11937.042279443858
10229,,,,2100.0,9343.243491828862,3650.029724828746,687,4,58.063,11936.058963511126
10230,,,,2097.0,9344.243491828862,3651.029724828746,688,4,58.05,14104.845879373093
10231,,,,2095.0,9345.243491828862,3652.029724828746,689,4,58.038,13018.447517753639
10232,,,,2092.0,9346.243491828862,3653.029724828746,690,4,58.027,11932.4892596656
10233,,,,2089.0,9347.243491828862,3654.029724828746,691,4,58.014,14100.625266457035
10234,,,,2086.0,9348.243491828862,3655.029724828746,692,4,58.003,11930.106817109621
10235,,,,2083.0,9349.243491828862,3656.029724828746,693,4,57.992,11929.120487184597
10236,,,,2081.0,9350.243491828862,3657.029724828746,694,4,57.981,11928.13367325187
10237,,,,2079.0,9351.243491828862,3658.029724828746,695,4,57.97,11927.146375334552
10238,,,,2075.0,9352.243491828862,3659.029724828746,696,4,57.96,10842.055880075042
10239,,,,2070.0,9353.243491828862,3660.029724828746,697,4,57.949,11925.376098841327
10240,,,,2067.0,9354.243491828862,3661.029724828746,698,4,57.938,11924.387370908602
10241,,,,2062.0,9355.243491828862,3662.029724828746,699,4,57.925,14091.045497024645
10242,,,,2059.0,9356.243491828862,3663.029724828746,700,4,57.914,11921.996788344917
10243,,,,2057.0,9357.243491828862,3664.029724828746,701,4,57.902,13004.622146996311
10244,,,,2055.0,9358.243491828862,3665.029724828746,702,4,57.888,15170.274194867236
10245,,,,2052.0,9359.243491828862,3666.029724828746,703,4,57.875,14084.903356477565
10246,,,,2049.0,9360.243491828862,3667.029724828746,704,4,57.863,13000.030335087959
10247,,,,2045.0,9361.243491828862,3668.029724828746,705,4,57.851,12998.723152962311
10248,,,,2040.0,9362.243491828862,3669.029724828746,706,4,57.836,16246.347942588698
10249,,,,2036.0,9363.243491828862,3670.029724828746,707,4,57.822,15161.07622088664
10250,,,,2033.0,9364.243491828862,3671.029724828746,708,4,57.808,15159.024649445537
10251,,,,2030.0,9365.243491828862,3672.029724828746,709,4,57.794,15156.97229399674
10252,,,,2028.0,9366.243491828862,3673.029724828746,710,4,57.779,16237.27288620998
10253,,,,2026.0,9367.243491828862,3674.029724828746,711,4,57.767,12988.170198082786
10254,,,,2024.0,9368.243491828862,3675.029724828746,712,4,57.755,12986.858695957138
10255,,,,2022.0,9369.243491828862,3676.029724828746,713,4,57.742,14067.553702490513
10256,,,,2019.0,9370.243491828862,3677.029724828746,714,4,57.732,10820.194969752307
10257,,,,2016.0,9371.243491828862,3678.029724828746,715,4,57.721,11901.319923486306
10258,,,,2012.0,9372.243491828862,3679.029724828746,716,4,57.708,14063.773022236048
10259,,,,2009.0,9373.243491828862,3680.029724828746,717,4,57.696,12980.517503172707
10260,,,,2008.0,9374.243491828862,3681.029724828746,718,4,57.683,14060.68091796636
10261,,,,2006.0,9375.243491828862,3682.029724828746,719,4,57.671,12977.66205307761
10262,,,,2004.0,9376.243491828862,3683.029724828746,720,4,57.661,10813.80914399391
10263,,,,2002.0,9377.243491828862,3684.029724828746,721,4,57.648,14056.647407388797
10264,,,,1998.0,9378.243491828862,3685.029724828746,722,4,57.638,10811.801791995353
10265,,,,1996.0,9379.243491828862,3686.029724828746,723,4,57.627,11892.08351193752
10266,,,,1993.0,9380.243491828862,3687.029724828746,724,4,57.616,11891.08140802018
10267,,,,1992.0,9381.243491828862,3688.029724828746,725,4,57.605,11890.078820095156
10268,,,,1991.0,9382.243491828862,3689.029724828746,726,4,57.594,11889.075748162453
10269,,,,1988.0,9383.243491828862,3690.029724828746,727,4,57.585,9726.773419308576
10270,,,,1986.0,9384.243491828862,3691.029724828746,728,4,57.574,11887.48105903373
10271,,,,1981.0,9385.243491828862,3692.029724828746,729,4,57.565,9725.467953651518
10272,,,,1977.0,9386.243491828862,3693.029724828746,730,4,57.556,9724.983633205842
10273,,,,1972.0,9387.243491828862,3694.029724828746,731,4,57.546,10804.905003962707
10274,,,,1969.0,9388.243491828862,3695.029724828746,732,4,57.535,11884.492942117738
10275,,,,1967.0,9389.243491828862,3696.029724828746,733,4,57.525,10803.263561696138
10276,,,,1965.0,9390.243491828862,3697.029724828746,734,4,57.513,12962.817969756594
10277,,,,1963.0,9391.243491828862,3698.029724828746,735,4,57.502,11881.472572334997
10278,,,,1959.0,9392.243491828862,3699.029724828746,736,4,57.491,11880.464814417648
10279,,,,1954.0,9393.243491828862,3700.029724828746,737,4,57.481,10799.599907423331
10280,,,,1950.0,9394.243491828862,3701.029724828746,738,4,57.472,9719.068249046197
10281,,,,1947.0,9395.243491828862,3702.029724828746,739,4,57.46,12957.769500034989
10282,,,,1944.0,9396.243491828862,3703.029724828746,740,4,57.448,12956.442565909341
10283,,,,1941.0,9397.243491828862,3704.029724828746,741,4,57.435,14034.585812931053
10284,,,,1940.0,9398.243491828862,3705.029724828746,742,4,57.421,15112.22516296807
10285,,,,1939.0,9399.243491828862,3706.029724828746,743,4,57.41,11872.569823515207
10286,,,,1937.0,9400.243491828862,3707.029724828746,744,4,57.4,10792.419552966569
10287,,,,1935.0,9401.243491828862,3708.029724828746,745,4,57.388,12949.799255281107
10288,,,,1933.0,9402.243491828862,3709.029724828746,746,4,57.377,11869.53321773247
10289,,,,1929.0,9403.243491828862,3710.029724828746,747,4,57.366,11868.520047815115
10290,,,,1927.0,9404.243491828862,3711.029724828746,748,4,57.356,10788.73621869376
10291,,,,1925.0,9405.243491828862,3712.029724828746,749,4,57.345,11866.69917132189
10292,,,,1924.0,9406.243491828862,3713.029724828746,750,4,57.334,11865.684571389203
10293,,,,1922.0,9407.243491828862,3714.029724828746,751,4,57.324,10786.157242866655
10294,,,,1919.0,9408.243491828862,3715.029724828746,752,4,57.314,10785.422174160625
10295,,,,1917.0,9409.243491828862,3716.029724828746,753,4,57.303,11863.051874335439
10296,,,,1916.0,9410.243491828862,3717.029724828746,754,4,57.294,9705.471060898377
10297,,,,1913.0,9411.243491828862,3718.029724828746,755,4,57.286,8626.722234345227
10298,,,,1909.0,9412.243491828862,3719.029724828746,756,4,57.278,8626.434107185934
10299,,,,1903.0,9413.243491828862,3720.029724828746,757,4,57.27,8626.14572401132
10300,,,,1900.0,9414.243491828862,3721.029724828746,758,4,57.262,8625.857084852027
10301,,,,1896.0,9415.243491828862,3722.029724828746,759,4,57.253,9703.679476201407
10302,,,,1891.0,9416.243491828862,3723.029724828746,760,4,57.242,11859.240784569403
10303,,,,1888.0,9417.243491828862,3724.029724828746,761,4,57.231,11858.221256636722
10304,,,,1884.0,9418.243491828862,3725.029724828746,762,4,57.22,11857.201244719357
10305,,,,1881.0,9419.243491828862,3726.029724828746,763,4,57.208,12933.902331396406
10306,,,,1878.0,9420.243491828862,3727.029724828746,764,4,57.197,11854.952523504835
10307,,,,1874.0,9421.243491828862,3728.029724828746,765,4,57.186,11853.93103758747
10308,,,,1869.0,9422.243491828862,3729.029724828746,766,4,57.174,12930.333188707074
10309,,,,1864.0,9423.243491828862,3730.029724828746,767,4,57.161,14006.285080295267
10310,,,,1861.0,9424.243491828862,3731.029724828746,768,4,57.149,12927.423282611977
10311,,,,1858.0,9425.243491828862,3732.029724828746,769,4,57.137,12926.08053248633
10312,,,,1854.0,9426.243491828862,3733.029724828746,770,4,57.125,12924.737206360684
10313,,,,1849.0,9427.243491828862,3734.029724828746,771,4,57.113,12923.393304235036
10314,,,,1843.0,9428.243491828862,3735.029724828746,772,4,57.101,12922.048826109389
10315,,,,1840.0,9429.243491828862,3736.029724828746,773,4,57.087,15073.89038182483
10316,,,,1836.0,9430.243491828862,3737.029724828746,774,4,57.074,13995.358354524402
10317,,,,1835.0,9431.243491828862,3738.029724828746,775,4,57.061,13993.654687216513
10318,,,,1833.0,9432.243491828862,3739.029724828746,776,4,57.048,13991.950343916276
10319,,,,1831.0,9433.243491828862,3740.029724828746,777,4,57.035,13990.245324623684
10320,,,,1829.0,9434.243491828862,3741.029724828746,778,4,57.021,15064.449059851931
10321,,,,1825.0,9435.243491828862,3742.029724828746,779,4,57.006,16138.087644642155
10322,,,,1822.0,9436.243491828862,3743.029724828746,780,4,56.995,11833.1531374348
10323,,,,1819.0,9437.243491828862,3744.029724828746,781,4,56.982,13983.173119084298
10324,,,,1817.0,9438.243491828862,3745.029724828746,782,4,56.969,13981.46469378406
10325,,,,1815.0,9439.243491828862,3746.029724828746,783,4,56.958,11829.23162623245
10326,,,,1812.0,9440.243491828862,3747.029724828746,784,4,56.947,11828.200284299786
10327,,,,1808.0,9441.243491828862,3748.029724828746,785,4,56.938,9676.944135602736
10328,,,,1804.0,9442.243491828862,3749.029724828746,786,4,56.926,12901.579355443708
10329,,,,1799.0,9443.243491828862,3750.029724828746,787,4,56.915,11825.311105889179
10330,,,,1796.0,9444.243491828862,3751.029724828746,788,4,56.904,11824.277849956517
10331,,,,1794.0,9445.243491828862,3752.029724828746,789,4,56.894,10748.498188836908
10332,,,,1793.0,9446.243491828862,3753.029724828746,790,4,56.882,12897.069594316335
10333,,,,1792.0,9447.243491828862,3754.029724828746,791,4,56.871,11821.175178181451
10334,,,,1788.0,9448.243491828862,3755.029724828746,792,4,56.859,12894.584787908847
10335,,,,1786.0,9449.243491828862,3756.029724828746,793,4,56.85,9670.176253911679
10336,,,,1783.0,9450.243491828862,3757.029724828746,794,4,56.841,9669.668695466004
10337,,,,1778.0,9451.243491828862,3758.029724828746,795,4,56.831,10743.417502029566
10338,,,,1773.0,9452.243491828862,3759.029724828746,796,4,56.819,12890.969674156691
10339,,,,1768.0,9453.243491828862,3760.029724828746,797,4,56.808,11815.58068070941
10340,,,,1766.0,9454.243491828862,3761.029724828746,798,4,56.797,11814.542650784388
10341,,,,1765.0,9455.243491828862,3762.029724828746,799,4,56.788,9665.764488174796
10342,,,,1761.0,9456.243491828862,3763.029724828746,800,4,56.779,9665.254841721491
10343,,,,1756.0,9457.243491828862,3764.029724828746,801,4,56.77,9664.744871283445
10344,,,,1750.0,9458.243491828862,3765.029724828746,802,4,56.762,8590.506400917384
10345,,,,1746.0,9459.243491828862,3766.029724828746,803,4,56.75,12884.851766934222
10346,,,,1741.0,9460.243491828862,3767.029724828746,804,4,56.739,11809.969310088813
10347,,,,1736.0,9461.243491828862,3768.029724828746,805,4,56.728,11808.928068156161
10348,,,,1731.0,9462.243491828862,3769.029724828746,806,4,56.718,10734.536751738035
10349,,,,1723.0,9463.243491828862,3770.029724828746,807,4,56.705,13953.543065463778
10350,,,,1719.0,9464.243491828862,3771.029724828746,808,4,56.693,12878.715401837399
10351,,,,1715.0,9465.243491828862,3772.029724828746,809,4,56.681,12877.350187711752
10352,,,,1713.0,9466.243491828862,3773.029724828746,810,4,56.668,13948.860036217013
10353,,,,1712.0,9467.243491828862,3774.029724828746,811,4,56.654,15019.857537729911
10354,,,,1710.0,9468.243491828862,3775.029724828746,812,4,56.642,12872.569375803401
10355,,,,1708.0,9469.243491828862,3776.029724828746,813,4,56.629,13943.67883432392
10356,,,,1705.0,9470.243491828862,3777.029724828746,814,4,56.617,12869.606333708303
10357,,,,1701.0,9471.243491828862,3778.029724828746,815,4,56.604,13940.467572046611
10358,,,,1697.0,9472.243491828862,3779.029724828746,816,4,56.592,12866.640891613206
10359,,,,1692.0,9473.243491828862,3780.029724828746,817,4,56.579,13937.253709776922
10360,,,,1689.0,9474.243491828862,3781.029724828746,818,4,56.567,12863.67304951811
10361,,,,1685.0,9475.243491828862,3782.029724828746,819,4,56.554,13934.037247507234
10362,,,,1683.0,9476.243491828862,3783.029724828746,820,4,56.541,13932.30485021461
10363,,,,1680.0,9477.243491828862,3784.029724828746,821,4,56.527,15002.021539872972
10364,,,,1676.0,9478.243491828862,3785.029724828746,822,4,56.512,16071.16749109325
10365,,,,1673.0,9479.243491828862,3786.029724828746,823,4,56.5,12855.219185983247
10366,,,,1670.0,9480.243491828862,3787.029724828746,824,4,56.484,17137.853290890787
10367,,,,1668.0,9481.243491828862,3788.029724828746,825,4,56.471,13922.400162059479
10368,,,,1667.0,9482.243491828862,3789.029724828746,826,4,56.457,14991.35110262899
10369,,,,1664.0,9483.243491828862,3790.029724828746,827,4,56.447,10706.961232012329
10370,,,,1662.0,9484.243491828862,3791.029724828746,828,4,56.434,13917.681564820337
10371,,,,1659.0,9485.243491828862,3792.029724828746,829,4,56.423,11775.237372326004
10372,,,,1654.0,9486.243491828862,3793.029724828746,830,4,56.414,9633.593311987805
10373,,,,1651.0,9487.243491828862,3794.029724828746,831,4,56.403,11773.545839197204
10374,,,,1644.0,9488.243491828862,3795.029724828746,832,4,56.393,10702.359129041153
10375,,,,1641.0,9489.243491828862,3796.029724828746,833,4,56.383,10701.589240342788
10376,,,,1636.0,9490.243491828862,3797.029724828746,834,4,56.372,11770.796454135778
10377,,,,1632.0,9491.243491828862,3798.029724828746,835,4,56.36,12839.602335850701
10378,,,,1631.0,9492.243491828862,3799.029724828746,836,4,56.349,11768.47398892891
10379,,,,1630.0,9493.243491828862,3800.029724828746,837,4,56.343,6418.8755734797105
10380,,,,1628.0,9494.243491828862,3801.029724828746,838,4,56.336,7488.613036915842
10381,,,,1625.0,9495.243491828862,3802.029724828746,839,4,56.332,4279.240374947125
10382,,,,1622.0,9496.243491828862,3803.029724828746,840,4,56.327,5349.186477732475
10383,,,,1620.0,9497.243491828862,3804.029724828746,841,4,56.324,3209.6219297941607
10384,,,,1617.0,9498.243491828862,3805.029724828746,842,4,56.321,3209.788914411308
10385,,,,1616.0,9499.243491828862,3806.029724828746,843,4,56.32,1070.0042861606012
10386,,,,1614.0,9500.243491828862,3807.029724828746,844,4,56.316,4280.277703780171
10387,,,,1610.0,9501.243491828862,3808.029724828746,845,4,56.313,3210.3466597237
10388,,,,1606.0,9502.243491828862,3809.029724828746,846,4,56.309,4280.646666152232
10389,,,,1601.0,9503.243491828862,3810.029724828746,847,4,56.304,5350.943796721752
10390,,,,1599.0,9504.243491828862,3811.029724828746,848,4,56.299,5351.031649554764
10391,,,,1597.0,9505.243491828862,3812.029724828746,849,4,56.297,2140.504792414541
10392,,,,1596.0,9506.243491828862,3813.029724828746,850,4,56.296,1070.3364734729926
10393,,,,1594.0,9507.243491828862,3814.029724828746,851,4,56.295,1070.4300519860087
10394,,,,1590.0,9508.243491828862,3815.029724828746,852,4,56.294,1070.5236265066312
10395,,,,1587.0,9509.243491828862,3816.029724828746,853,4,56.293,1070.6171970120408
10396,,,,1584.0,9510.243491828862,3817.029724828746,854,4,56.291,2141.4025065707383
10397,,,,1584.0,9511.243491828862,3818.029724828746,855,4,56.29,1070.7853035510896
10398,,,,1583.0,9512.243491828862,3819.029724828746,856,4,56.289,1070.8788600641058
10399,,,,1582.0,9513.243491828862,3820.029724828746,857,4,56.286,3212.8601582780243
10400,,,,1580.0,9514.243491828862,3821.029724828746,858,4,56.284,2142.036779752968
10401,,,,1576.0,9515.243491828862,3822.029724828746,859,4,56.283,1071.102414142203
10402,,,,1573.0,9516.243491828862,3823.029724828746,860,4,56.28,3213.5307485123185
10403,,,,1570.0,9517.243491828862,3824.029724828746,861,4,56.277,3213.6971271294656
10404,,,,1569.0,9518.243491828862,3825.029724828746,862,4,56.276,1071.3068597333172
10405,,,,1569.0,9519.243491828862,3826.029724828746,863,4,56.273,3214.1440072856617
10406,,,,1568.0,9520.243491828862,3827.029724828746,864,4,56.272,1071.4558037929953
10407,,,,1566.0,9521.243491828862,3828.029724828746,865,4,56.267,5357.556106629769
10408,,,,1564.0,9522.243491828862,3829.029724828746,866,4,56.262,5357.642689462791
10409,,,,1561.0,9523.243491828862,3830.029724828746,867,4,56.256,6429.217867281843
10410,,,,1559.0,9524.243491828862,3831.029724828746,868,4,56.25,6429.207229750431
10411,,,,1557.0,9525.243491828862,3832.029724828746,869,4,56.243,7500.662512881876
10412,,,,1555.0,9526.243491828862,3833.029724828746,870,4,56.237,6429.071207765706
10413,,,,1555.0,9527.243491828862,3834.029724828746,871,4,56.231,6429.060126234294
10414,,,,1553.0,9528.243491828862,3835.029724828746,872,4,56.226,5357.5883918057325
10415,,,,1552.0,9529.243491828862,3836.029724828746,873,4,56.221,5357.674214631141
10416,,,,1550.0,9530.243491828862,3837.029724828746,874,4,56.216,5357.7599374489355
10417,,,,1548.0,9531.243491828862,3838.029724828746,875,4,56.213,3214.764523628603
10418,,,,1546.0,9532.243491828862,3839.029724828746,876,4,56.208,5358.121727977204
10419,,,,1543.0,9533.243491828862,3840.029724828746,877,4,56.203,5358.207170794998
10420,,,,1541.0,9534.243491828862,3841.029724828746,878,4,56.198,5358.292513628021
10421,,,,1539.0,9535.243491828862,3842.029724828746,879,4,56.193,5358.377756453429
10422,,,,1536.0,9536.243491828862,3843.029724828746,880,4,56.187,6430.098261670609
10423,,,,1535.0,9537.243491828862,3844.029724828746,881,4,56.182,5358.452569661713
10424,,,,1532.0,9538.243491828862,3845.029724828746,882,4,56.175,7501.818968085268
10425,,,,1530.0,9539.243491828862,3846.029724828746,883,4,56.168,7501.670621215455
10426,,,,1528.0,9540.243491828862,3847.029724828746,884,4,56.161,7501.522078353256
10427,,,,1525.0,9541.243491828862,3848.029724828746,885,4,56.155,6429.805824169746
10428,,,,1523.0,9542.243491828862,3849.029724828746,886,4,56.148,7501.357996037743
10429,,,,1520.0,9543.243491828862,3850.029724828746,887,4,56.145,3214.918324283937
10430,,,,1517.0,9544.243491828862,3851.029724828746,888,4,56.138,7501.594043956501
10431,,,,1512.0,9545.243491828862,3852.029724828746,889,4,56.135,3215.019367674427
10432,,,,1510.0,9546.243491828862,3853.029724828746,890,4,56.13,5358.545128045962
10433,,,,1509.0,9547.243491828862,3854.029724828746,891,4,56.124,6430.297625590786
10434,,,,1508.0,9548.243491828862,3855.029724828746,892,4,56.119,5358.6174712694765
10435,,,,1506.0,9549.243491828862,3856.029724828746,893,4,56.114,5358.701224094884
10436,,,,1503.0,9550.243491828862,3857.029724828746,894,4,56.112,2143.571252222976
10437,,,,1499.0,9551.243491828862,3858.029724828746,895,4,56.109,3215.550287689702
10438,,,,1496.0,9552.243491828862,3859.029724828746,896,4,56.105,4287.581804773576
10439,,,,1493.0,9553.243491828862,3860.029724828746,897,4,56.102,3215.822377463045
10440,,,,1490.0,9554.243491828862,3861.029724828746,898,4,56.101,1072.0147825111753
10442,,,,1482.0,9556.243491828862,3863.029724828746,900,4,56.1,1072.2200760241913
10443,,,,1480.0,9557.243491828862,3864.029724828746,901,4,56.095,5361.374667831438
10444,,,,1478.0,9558.243491828862,3865.029724828746,902,4,56.092,3216.9319878535352
10445,,,,1476.0,9559.243491828862,3866.029724828746,903,4,56.088,4289.42373965107
10446,,,,1471.0,9560.243491828862,3867.029724828746,904,4,56.084,4289.566531859331
10447,,,,1467.0,9561.243491828862,3868.029724828746,905,4,56.078,6434.449155183297
10448,,,,1464.0,9562.243491828862,3869.029724828746,906,4,56.073,5362.075849263237
10449,,,,1461.0,9563.243491828862,3870.029724828746,907,4,56.067,6434.532751042375
10450,,,,1460.0,9564.243491828862,3871.029724828746,908,4,56.061,6434.516965510964
10451,,,,1457.0,9565.243491828862,3872.029724828746,909,4,56.056,5362.132022869626
10452,,,,1455.0,9566.243491828862,3873.029724828746,910,4,56.05,6434.5997573700415
10453,,,,1453.0,9567.243491828862,3874.029724828746,911,4,56.044,6434.58355183863
10454,,,,1450.0,9568.243491828862,3875.029724828746,912,4,56.038,6434.567202307218
10455,,,,1449.0,9569.243491828862,3876.029724828746,913,4,56.03,8579.24783713346
10456,,,,1446.0,9570.243491828862,3877.029724828746,914,4,56.022,8578.919389974126
10457,,,,1443.0,9571.243491828862,3878.029724828746,915,4,56.016,6434.057870025375
10458,,,,1439.0,9572.243491828862,3879.029724828746,916,4,56.008,8578.568039424337
10459,,,,1436.0,9573.243491828862,3880.029724828746,917,4,56.0,8578.238856265003
10460,,,,1435.0,9574.243491828862,3881.029724828746,918,4,55.99,10722.19528649701
10461,,,,1434.0,9575.243491828862,3882.029724828746,919,4,55.982,8577.273314139355
10462,,,,1432.0,9576.243491828862,3883.029724828746,920,4,55.974,8576.9433309724
10463,,,,1429.0,9577.243491828862,3884.029724828746,921,4,55.966,8576.613091797828
10464,,,,1425.0,9578.243491828862,3885.029724828746,922,4,55.959,7504.314319758363
10465,,,,1421.0,9579.243491828862,3886.029724828746,923,4,55.951,8576.105113367408
10466,,,,1419.0,9580.243491828862,3887.029724828746,924,4,55.945,6431.945554570338
10467,,,,1416.0,9581.243491828862,3888.029724828746,925,4,55.938,7503.847859171766
10468,,,,1415.0,9582.243491828862,3889.029724828746,926,4,55.931,7503.691980317183
10469,,,,1414.0,9583.243491828862,3890.029724828746,927,4,55.925,6431.659704132298
10470,,,,1412.0,9584.243491828862,3891.029724828746,928,4,55.917,8575.367684900235
10471,,,,1410.0,9585.243491828862,3892.029724828746,929,4,55.911,6431.3916552256715
10472,,,,1409.0,9586.243491828862,3893.029724828746,930,4,55.903,8575.009838365682
10473,,,,1407.0,9587.243491828862,3894.029724828746,931,4,55.899,4287.491987491426
10474,,,,1405.0,9588.243491828862,3895.029724828746,932,4,55.896,3215.753043507145
10475,,,,1403.0,9589.243491828862,3896.029724828746,933,4,55.89,6431.659037865731
10476,,,,1401.0,9590.243491828862,3897.029724828746,934,4,55.885,5359.747331498597
10477,,,,1398.0,9591.243491828862,3898.029724828746,935,4,55.879,6431.734425724809
10478,,,,1396.0,9592.243491828862,3899.029724828746,936,4,55.874,5359.809934706879
10479,,,,1395.0,9593.243491828862,3900.029724828746,937,4,55.868,6431.809285583888
10480,,,,1394.0,9594.243491828862,3901.029724828746,938,4,55.864,4287.93605532133
10481,,,,1393.0,9595.243491828862,3902.029724828746,939,4,55.86,4288.075935521974
10482,,,,1391.0,9596.243491828862,3903.029724828746,940,4,55.855,5360.2217084510485
10483,,,,1389.0,9597.243491828862,3904.029724828746,941,4,55.849,6432.302922067751
10484,,,,1386.0,9598.243491828862,3905.029724828746,942,4,55.843,6432.282072528722
10485,,,,1385.0,9599.243491828862,3906.029724828746,943,4,55.836,7504.237397473051
10486,,,,1383.0,9600.243491828862,3907.029724828746,944,4,55.83,6432.1247385516135
10487,,,,1381.0,9601.243491828862,3908.029724828746,945,4,55.824,6432.103445020202
10488,,,,1380.0,9602.243491828862,3909.029724828746,946,4,55.819,5360.116350786373
10489,,,,1378.0,9603.243491828862,3910.029724828746,947,4,55.811,8576.080567945712
10490,,,,1377.0,9604.243491828862,3911.029724828746,948,4,55.804,7503.843461381094
10491,,,,1377.0,9605.243491828862,3912.029724828746,949,4,55.797,7503.683452526512
10492,,,,1376.0,9606.243491828862,3913.029724828746,950,4,55.79,7503.523247656695
10493,,,,1376.0,9607.243491828862,3914.029724828746,951,4,55.781,9647.007872641907
10494,,,,1376.0,9608.243491828862,3915.029724828746,952,4,55.772,9646.45547619623
10495,,,,1376.0,9609.243491828862,3916.029724828746,953,4,55.763,9645.902755750554
10496,,,,1375.0,9610.243491828862,3917.029724828746,954,4,55.756,7502.073207754585
10497,,,,1374.0,9611.243491828862,3918.029724828746,955,4,55.749,7501.911938892386
10498,,,,1372.0,9612.243491828862,3919.029724828746,956,4,55.743,6430.129508346145
10499,,,,1371.0,9613.243491828862,3920.029724828746,957,4,55.736,7501.723398584489
10500,,,,1371.0,9614.243491828862,3921.029724828746,958,4,55.727,9644.691800967848
10501,,,,1371.0,9615.243491828862,3922.029724828746,959,4,55.718,9644.137298514559
10502,,,,1371.0,9616.243491828862,3923.029724828746,960,4,55.707,11786.389241850326
10503,,,,1372.0,9617.243491828862,3924.029724828746,961,4,55.698,9642.681100865115
10504,,,,1373.0,9618.243491828862,3925.029724828746,962,4,55.689,9642.125590419439
10505,,,,1372.0,9619.243491828862,3926.029724828746,963,4,55.682,7499.133368497052
10506,,,,1373.0,9620.243491828862,3927.029724828746,964,4,55.675,7498.970181642465
10507,,,,1374.0,9621.243491828862,3928.029724828746,965,4,55.666,9641.149844613821
10508,,,,1375.0,9622.243491828862,3929.029724828746,966,4,55.661,5356.077506069287
10509,,,,1374.0,9623.243491828862,3930.029724828746,967,4,55.656,5356.152978902307
10510,,,,1373.0,9624.243491828862,3931.029724828746,968,4,55.65,6427.416276609263
10511,,,,1373.0,9625.243491828862,3932.029724828746,969,4,55.642,8569.700789536191
10512,,,,1373.0,9626.243491828862,3933.029724828746,970,4,55.634,8569.358966376849
10513,,,,1374.0,9627.243491828862,3934.029724828746,971,4,55.629,5355.7799631595135
10514,,,,1375.0,9628.243491828862,3935.029724828746,972,4,55.622,7498.062016963916
10515,,,,1376.0,9629.243491828862,3936.029724828746,973,4,55.617,5355.737083940494
10516,,,,1376.0,9630.243491828862,3937.029724828746,974,4,55.61,7498.001650057288
10517,,,,1375.0,9631.243491828862,3938.029724828746,975,4,55.604,6426.774682201773
10518,,,,1373.0,9632.243491828862,3939.029724828746,976,4,55.597,7497.8057597417765
10519,,,,1372.0,9633.243491828862,3940.029724828746,977,4,55.59,7497.640108879577
10520,,,,1372.0,9634.243491828862,3941.029724828746,978,4,55.582,8568.464939791647
10521,,,,1371.0,9635.243491828862,3942.029724828746,979,4,55.575,7497.173325746293
10522,,,,1370.0,9636.243491828862,3943.029724828746,980,4,55.568,7497.0070728917035
10523,,,,1370.0,9637.243491828862,3944.029724828746,981,4,55.561,7496.840624021895
10524,,,,1369.0,9638.243491828862,3945.029724828746,982,4,55.553,8567.550298811439
10525,,,,1369.0,9639.243491828862,3946.029724828746,983,4,55.546,7496.37218888861
10526,,,,1367.0,9640.243491828862,3947.029724828746,984,4,55.539,7496.205138026412
10527,,,,1365.0,9641.243491828862,3948.029724828746,985,4,55.531,8566.823317102315
10528,,,,1364.0,9642.243491828862,3949.029724828746,986,4,55.526,5354.19317735532
10529,,,,1362.0,9643.243491828862,3950.029724828746,987,4,55.519,7495.837814856309
10530,,,,1361.0,9644.243491828862,3951.029724828746,988,4,55.514,5354.1464381363
10531,,,,1361.0,9645.243491828862,3952.029724828746,989,4,55.51,4283.414053752465
10532,,,,1359.0,9646.243491828862,3953.029724828746,990,4,55.504,6425.208450011579
10533,,,,1358.0,9647.243491828862,3954.029724828746,991,4,55.5,4283.53046626551
10534,,,,1356.0,9648.243491828862,3955.029724828746,992,4,55.494,6425.38282879256
10535,,,,1354.0,9649.243491828862,3956.029724828746,993,4,55.487,7496.17884376436
10536,,,,1352.0,9650.243491828862,3957.029724828746,994,4,55.48,7496.009986909769
10537,,,,1352.0,9651.243491828862,3958.029724828746,995,4,55.471,9637.336049957501
10538,,,,1352.0,9652.243491828862,3959.029724828746,996,4,55.464,7495.401422359992
10539,,,,1353.0,9653.243491828862,3960.029724828746,997,4,55.456,8565.902144904512
10540,,,,1355.0,9654.243491828862,3961.029724828746,998,4,55.452,4282.931348772256
10541,,,,1355.0,9655.243491828862,3962.029724828746,999,4,55.45,2141.571627456618
10543,,,,1351.0,9657.243491828862,3964.029724828746,1001,4,55.449,1070.9786460054427
10544,,,,1351.0,9658.243491828862,3965.029724828746,1002,4,55.447,2142.1211405347144
10546,,,,1351.0,9660.243491828862,3967.029724828746,1004,4,55.445,2142.487442594391
10547,,,,1351.0,9661.243491828862,3968.029724828746,1005,4,55.444,1071.325629562914
10548,,,,1350.0,9662.243491828862,3969.029724828746,1006,4,55.441,3214.193608774452
10549,,,,1348.0,9663.243491828862,3970.029724828746,1007,4,55.439,2142.9208767505875
10550,,,,1347.0,9664.243491828862,3971.029724828746,1008,4,55.433,6428.964026556541
10551,,,,1347.0,9665.243491828862,3972.029724828746,1009,4,55.427,6428.93336102513
10552,,,,1347.0,9666.243491828862,3973.029724828746,1010,4,55.419,8571.715408764958
10553,,,,1348.0,9667.243491828862,3974.029724828746,1011,4,55.412,7500.011844097939
10554,,,,1349.0,9668.243491828862,3975.029724828746,1012,4,55.405,7499.84017323574
10555,,,,1349.0,9669.243491828862,3976.029724828746,1013,4,55.4,5357.002625563226
10556,,,,1348.0,9670.243491828862,3977.029724828746,1014,4,55.393,7499.767010329112
10557,,,,1346.0,9671.243491828862,3978.029724828746,1015,4,55.385,8570.888092305404
10558,,,,1345.0,9672.243491828862,3979.029724828746,1016,4,55.377,8570.536269130836
10559,,,,1345.0,9673.243491828862,3980.029724828746,1017,4,55.365,12854.81196926583
10560,,,,1345.0,9674.243491828862,3981.029724828746,1018,4,55.354,11782.34821689278
10561,,,,1345.0,9675.243491828862,3982.029724828746,1019,4,55.344,10710.301040582583
10562,,,,1344.0,9676.243491828862,3983.029724828746,1020,4,55.335,9638.612580889505
10563,,,,1344.0,9677.243491828862,3984.029724828746,1021,4,55.325,10708.837648055689
10564,,,,1342.0,9678.243491828862,3985.029724828746,1022,4,55.317,8566.561731386293
10565,,,,1342.0,9679.243491828862,3986.029724828746,1023,4,55.307,10707.56632039863
10566,,,,1341.0,9680.243491828862,3987.029724828746,1024,4,55.298,9636.149982723948
10567,,,,1340.0,9681.243491828862,3988.029724828746,1025,4,55.288,10706.099927879342
10568,,,,1340.0,9682.243491828862,3989.029724828746,1026,4,55.276,12846.090833159677
10569,,,,1340.0,9683.243491828862,3990.029724828746,1027,4,55.265,11774.349607135779
10570,,,,1341.0,9684.243491828862,3991.029724828746,1028,4,55.255,10703.02590716713
10571,,,,1341.0,9685.243491828862,3992.029724828746,1029,4,55.244,11772.306926642552
10572,,,,1342.0,9686.243491828862,3993.029724828746,1030,4,55.234,10701.16808490056
10573,,,,1343.0,9687.243491828862,3994.029724828746,1031,4,55.226,8560.423328862187
10574,,,,1344.0,9688.243491828862,3995.029724828746,1032,4,55.219,7490.12636718302
10575,,,,1344.0,9689.243491828862,3996.029724828746,1033,4,55.21,9629.76122603289
10576,,,,1343.0,9690.243491828862,3997.029724828746,1034,4,55.204,6419.631269440995
10577,,,,1342.0,9691.243491828862,3998.029724828746,1035,4,55.195,9629.132312290096
10578,,,,1343.0,9692.243491828862,3999.029724828746,1036,4,55.187,8558.793768923286
10579,,,,1344.0,9693.243491828862,4000.029724828746,1037,4,55.177,10697.851247319877
10580,,,,1345.0,9694.243491828862,4001.029724828746,1038,4,55.168,9627.401682953066
10581,,,,1346.0,9695.243491828862,4002.029724828746,1039,4,55.158,10696.374334792981
10582,,,,1347.0,9696.243491828862,4003.029724828746,1040,4,55.15,8556.585816776122
10583,,,,1346.0,9697.243491828862,4004.029724828746,1041,4,55.14,10695.089847135923
10584,,,,1345.0,9698.243491828862,4005.029724828746,1042,4,55.128,12832.870960284306
10585,,,,1347.0,9699.243491828862,4006.029724828746,1043,4,55.116,12831.400794158659
10586,,,,1348.0,9700.243491828862,4007.029724828746,1044,4,55.106,10691.802381561482
10587,,,,1351.0,9701.243491828862,4008.029724828746,1045,4,55.096,10690.964352870711
10588,,,,1353.0,9702.243491828862,4009.029724828746,1046,4,55.085,11759.031791900536
10589,,,,1354.0,9703.243491828862,4010.029724828746,1047,4,55.074,11757.895597983108
10590,,,,1354.0,9704.243491828862,4011.029724828746,1048,4,55.064,10688.059697028346
10591,,,,1353.0,9705.243491828862,4012.029724828746,1049,4,55.055,9618.585372690686
10592,,,,1354.0,9706.243491828862,4013.029724828746,1050,4,55.045,10686.574084501452
10593,,,,1357.0,9707.243491828862,4014.029724828746,1051,4,55.034,11754.2002197103
10594,,,,1360.0,9708.243491828862,4015.029724828746,1052,4,55.023,11753.061693777683
10595,,,,1362.0,9709.243491828862,4016.029724828746,1053,4,55.013,10683.663168674273
10596,,,,1365.0,9710.243491828862,4017.029724828746,1054,4,55.002,11750.99681528446
10597,,,,1367.0,9711.243491828862,4018.029724828746,1055,4,54.992,10681.785166407702
11440,,,,2479.0,10554.243491828862,4861.029724828746,1898,4,54.988,4643.02279692278
11441,,,,2476.0,10555.243491828862,4862.029724828746,1899,4,54.971,19730.948325009664
11442,,,,2473.0,10556.243491828862,4863.029724828746,1900,4,54.955,18566.489953322427
11443,,,,2469.0,10557.243491828862,4864.029724828746,1901,4,54.939,18562.84346065461
11444,,,,2464.0,10558.243491828862,4865.029724828746,1902,4,54.922,19718.966200352275
11445,,,,2461.0,10559.243491828862,4866.029724828746,1903,4,54.906,18555.20950752724
11446,,,,2457.0,10560.243491828862,4867.029724828746,1904,4,54.89,18551.559910859425
11447,,,,2453.0,10561.243491828862,4868.029724828746,1905,4,54.875,17388.823378209585
11448,,,,2449.0,10562.243491828862,4869.029724828746,1906,4,54.86,17385.71684363826
11449,,,,2447.0,10563.243491828862,4870.029724828746,1907,4,54.845,17382.60940906694
11450,,,,2445.0,10564.243491828862,4871.029724828746,1908,4,54.829,18537.965451563377
11451,,,,2443.0,10565.243491828862,4872.029724828746,1909,4,54.815,16217.81780385653
11452,,,,2441.0,10566.243491828862,4873.029724828746,1910,4,54.8,17373.28170535297
11453,,,,2439.0,10567.243491828862,4874.029724828746,1911,4,54.786,16212.307234132935
11454,,,,2433.0,10568.243491828862,4875.029724828746,1912,4,54.772,16209.698686692367
11455,,,,2428.0,10569.243491828862,4876.029724828746,1913,4,54.759,15049.57751574342
11456,,,,2420.0,10570.243491828862,4877.029724828746,1914,4,54.746,15047.428676443184
11457,,,,2413.0,10571.243491828862,4878.029724828746,1915,4,54.733,15045.279161151168
11458,,,,2409.0,10572.243491828862,4879.029724828746,1916,4,54.719,16200.144725342268
11459,,,,2403.0,10573.243491828862,4880.029724828746,1917,4,54.703,18511.127189804327
11460,,,,2400.0,10574.243491828862,4881.029724828746,1918,4,54.688,17350.906047220422
11461,,,,2395.0,10575.243491828862,4882.029724828746,1919,4,54.67,20816.774600030363
11462,,,,2393.0,10576.243491828862,4883.029724828746,1920,4,54.655,17343.71729616351
11463,,,,2390.0,10577.243491828862,4884.029724828746,1921,4,54.64,17340.59741159219
11464,,,,2387.0,10578.243491828862,4885.029724828746,1922,4,54.626,16181.792947297765
11465,,,,2384.0,10579.243491828862,4886.029724828746,1923,4,54.611,17334.672319754296
11466,,,,2380.0,10580.243491828862,4887.029724828746,1924,4,54.595,18486.817132296565
11467,,,,2373.0,10581.243491828862,4888.029724828746,1925,4,54.578,19638.163627463622
11468,,,,2368.0,10582.243491828862,4889.029724828746,1926,4,54.562,18479.136875177403
11469,,,,2362.0,10583.243491828862,4890.029724828746,1927,4,54.545,19630.00111026579
11470,,,,2358.0,10584.243491828862,4891.029724828746,1928,4,54.531,16162.817203609497
11471,,,,2354.0,10585.243491828862,4892.029724828746,1929,4,54.514,19622.553901625408
11472,,,,2350.0,10586.243491828862,4893.029724828746,1930,4,54.496,20772.115254797543
11473,,,,2347.0,10587.243491828862,4894.029724828746,1931,4,54.478,20767.21690101484
11474,,,,2342.0,10588.243491828862,4895.029724828746,1932,4,54.459,21915.578144115952
11475,,,,2340.0,10589.243491828862,4896.029724828746,1933,4,54.443,18451.03671596051
11476,,,,2337.0,10590.243491828862,4897.029724828746,1934,4,54.426,19600.13671809786
11477,,,,2333.0,10591.243491828862,4898.029724828746,1935,4,54.408,20748.37309541543
11478,,,,2330.0,10592.243491828862,4899.029724828746,1936,4,54.393,17286.700262317736
11479,,,,2326.0,10593.243491828862,4900.029724828746,1937,4,54.376,19587.68052316994
11480,,,,2324.0,10594.243491828862,4901.029724828746,1938,4,54.359,19583.406123423476
11481,,,,2322.0,10595.243491828862,4902.029724828746,1939,4,54.343,18427.586528778465
11482,,,,2319.0,10596.243491828862,4903.029724828746,1940,4,54.327,18423.900484118833
11483,,,,2314.0,10597.243491828862,4904.029724828746,1941,4,54.311,18420.213415442835
11484,,,,2308.0,10598.243491828862,4905.029724828746,1942,4,54.295,18416.525322775018
11485,,,,2305.0,10599.243491828862,4906.029724828746,1943,4,54.279,18412.836206107204
11486,,,,2300.0,10600.243491828862,4907.029724828746,1944,4,54.264,17258.73344000436
11487,,,,2296.0,10601.243491828862,4908.029724828746,1945,4,54.25,16105.366707815774
11488,,,,2292.0,10602.243491828862,4909.029724828746,1946,4,54.237,14952.672666072333
11489,,,,2287.0,10603.243491828862,4910.029724828746,1947,4,54.22,19549.931649689275
11490,,,,2284.0,10604.243491828862,4911.029724828746,1948,4,54.206,16096.85986782567
11491,,,,2280.0,10605.243491828862,4912.029724828746,1949,4,54.191,17243.64868175725
11492,,,,2275.0,10606.243491828862,4913.029724828746,1950,4,54.175,18389.698915774563
11493,,,,2271.0,10607.243491828862,4914.029724828746,1951,4,54.159,18386.00186309858
11494,,,,2267.0,10608.243491828862,4915.029724828746,1952,4,54.145,16084.81284394163
11495,,,,2264.0,10609.243491828862,4916.029724828746,1953,4,54.129,18379.28367735459
11496,,,,2261.0,10610.243491828862,4917.029724828746,1954,4,54.114,17227.268794291125
11497,,,,2256.0,10611.243491828862,4918.029724828746,1955,4,54.099,17224.117379719803
11498,,,,2252.0,10612.243491828862,4919.029724828746,1956,4,54.083,18368.859606926457
11499,,,,2245.0,10613.243491828862,4920.029724828746,1957,4,54.066,19512.798396757895
11500,,,,2243.0,10614.243491828862,4921.029724828746,1958,4,54.051,17213.70245409157
11501,,,,2240.0,10615.243491828862,4922.029724828746,1959,4,54.036,17210.547349520246
11502,,,,2237.0,10616.243491828862,4923.029724828746,1960,4,54.02,18354.380908046933
11503,,,,2234.0,10617.243491828862,4924.029724828746,1961,4,54.005,17203.915923072844
11504,,,,2232.0,10618.243491828862,4925.029724828746,1962,4,53.989,18347.305402511185
11505,,,,2229.0,10619.243491828862,4926.029724828746,1963,4,53.974,17197.28077662544
11506,,,,2226.0,10620.243491828862,4927.029724828746,1964,4,53.959,17194.121112045974
11507,,,,2222.0,10621.243491828862,4928.029724828746,1965,4,53.943,18336.85464409121
11508,,,,2218.0,10622.243491828862,4929.029724828746,1966,4,53.928,17187.48041560672
11509,,,,2214.0,10623.243491828862,4930.029724828746,1967,4,53.914,16038.845545036495
11510,,,,2211.0,10624.243491828862,4931.029724828746,1968,4,53.899,17181.473453768827
11511,,,,2209.0,10625.243491828862,4932.029724828746,1969,4,53.883,18323.359904578756
11512,,,,2208.0,10626.243491828862,4933.029724828746,1970,4,53.868,17174.825437321426
11513,,,,2206.0,10627.243491828862,4934.029724828746,1971,4,53.852,18316.266703042995
11514,,,,2200.0,10628.243491828862,4935.029724828746,1972,4,53.837,17168.173700865893
11515,,,,2196.0,10629.243491828862,4936.029724828746,1973,4,53.823,16020.820960627452
11516,,,,2192.0,10630.243491828862,4937.029724828746,1974,4,53.811,13730.107535994613
11517,,,,2187.0,10631.243491828862,4938.029724828746,1975,4,53.799,13728.337345868966
11518,,,,2183.0,10632.243491828862,4939.029724828746,1976,4,53.787,13726.56657974332
11519,,,,2178.0,10633.243491828862,4940.029724828746,1977,4,53.776,12581.179266822526
11520,,,,2173.0,10634.243491828862,4941.029724828746,1978,4,53.765,12579.78897290563
11521,,,,2169.0,10635.243491828862,4942.029724828746,1979,4,53.752,14865.103168640384
11522,,,,2164.0,10636.243491828862,4943.029724828746,1980,4,53.739,14862.90583934827
11523,,,,2159.0,10637.243491828862,4944.029724828746,1981,4,53.726,14860.707834039908
11524,,,,2154.0,10638.243491828862,4945.029724828746,1982,4,53.712,16001.322459846722
11525,,,,2152.0,10639.243491828862,4946.029724828746,1983,4,53.7,13713.38906333238
11526,,,,2151.0,10640.243491828862,4947.029724828746,1984,4,53.687,14854.109762147313
11527,,,,2149.0,10641.243491828862,4948.029724828746,1985,4,53.675,13709.582205237282
11528,,,,2146.0,10642.243491828862,4949.029724828746,1986,4,53.664,12565.605515858664
11529,,,,2142.0,10643.243491828862,4950.029724828746,1987,4,53.655,10280.000234696625
11530,,,,2139.0,10644.243491828862,4951.029724828746,1988,4,53.644,12563.283506730377
11531,,,,2134.0,10645.243491828862,4952.029724828746,1989,4,53.635,10278.099689039565
11532,,,,2130.0,10646.243491828862,4953.029724828746,1990,4,53.624,12560.959737585858
11533,,,,2128.0,10647.243491828862,4954.029724828746,1991,4,53.615,10276.197703382508
11534,,,,2124.0,10648.243491828862,4955.029724828746,1992,4,53.605,11417.046671944747
11535,,,,2122.0,10649.243491828862,4956.029724828746,1993,4,53.595,11415.989023238268
11536,,,,2118.0,10650.243491828862,4957.029724828746,1994,4,53.584,12556.30691931305
11537,,,,2114.0,10651.243491828862,4958.029724828746,1995,4,53.575,10272.38941206839
11538,,,,2110.0,10652.243491828862,4959.029724828746,1996,4,53.562,14836.242342798862
11539,,,,2106.0,10653.243491828862,4960.029724828746,1997,4,53.55,13693.082602761795
11540,,,,2103.0,10654.243491828862,4961.029724828746,1998,4,53.538,13691.299524636148
11541,,,,2097.0,10655.243491828862,4962.029724828746,1999,4,53.527,12548.840088974299
11542,,,,2094.0,10656.243491828862,4963.029724828746,2000,4,53.514,14828.514474912952
11543,,,,2091.0,10657.243491828862,4964.029724828746,2001,4,53.501,14826.303859620817
11544,,,,2086.0,10658.243491828862,4965.029724828746,2002,4,53.491,11403.467876775267
11545,,,,2083.0,10659.243491828862,4966.029724828746,2003,4,53.48,12542.529291211853
11546,,,,2078.0,10660.243491828862,4967.029724828746,2004,4,53.47,11401.1304145087
11547,,,,2073.0,10661.243491828862,4968.029724828746,2005,4,53.459,12539.957158710527
11548,,,,2071.0,10662.243491828862,4969.029724828746,2006,4,53.447,13678.293632849995
11549,,,,2067.0,10663.243491828862,4970.029724828746,2007,4,53.437,11397.301173812191
11550,,,,2065.0,10664.243491828862,4971.029724828746,2008,4,53.424,14814.692409142073
11551,,,,2064.0,10665.243491828862,4972.029724828746,2009,4,53.412,13673.183444316857
11552,,,,2061.0,10666.243491828862,4973.029724828746,2010,4,53.399,14810.537736872386
11553,,,,2058.0,10667.243491828862,4974.029724828746,2011,4,53.387,13669.34716222176
11554,,,,2053.0,10668.243491828862,4975.029724828746,2012,4,53.375,13667.556140096114
11555,,,,2050.0,10669.243491828862,4976.029724828746,2013,4,53.363,13665.764541970466
11556,,,,2047.0,10670.243491828862,4977.029724828746,2014,4,53.35,14802.498018663797
11557,,,,2045.0,10671.243491828862,4978.029724828746,2015,4,53.34,11385.149681429948
11558,,,,2042.0,10672.243491828862,4979.029724828746,2016,4,53.329,12522.372951331992
11559,,,,2039.0,10673.243491828862,4980.029724828746,2017,4,53.319,11382.80071916338
11560,,,,2036.0,10674.243491828862,4981.029724828746,2018,4,53.308,12519.788168838766
11561,,,,2032.0,10675.243491828862,4982.029724828746,2019,4,53.299,10242.501146400984
11562,,,,2029.0,10676.243491828862,4983.029724828746,2020,4,53.289,11379.594413068284
11563,,,,2026.0,10677.243491828862,4984.029724828746,2021,4,53.278,12516.259879134159
11564,,,,2022.0,10678.243491828862,4985.029724828746,2022,4,53.264,15927.539853485243
11565,,,,2020.0,10679.243491828862,4986.029724828746,2023,4,53.252,13650.123597308235
11566,,,,2018.0,10680.243491828862,4987.029724828746,2024,4,53.241,12511.082871931809
11567,,,,2017.0,10681.243491828862,4988.029724828746,2025,4,53.228,14783.87707330772
11568,,,,2014.0,10682.243491828862,4989.029724828746,2026,4,53.216,13644.728714931294
11569,,,,2010.0,10683.243491828862,4990.029724828746,2027,4,53.204,13642.929268805647
11570,,,,2008.0,10684.243491828862,4991.029724828746,2028,4,53.191,14777.751122068581
11571,,,,2005.0,10685.243491828862,4992.029724828746,2029,4,53.179,13639.07220271055
11572,,,,2001.0,10686.243491828862,4993.029724828746,2030,4,53.167,13637.271004584903
11573,,,,1999.0,10687.243491828862,4994.029724828746,2031,4,53.154,14771.619398829444
11574,,,,1996.0,10688.243491828862,4995.029724828746,2032,4,53.142,13633.410362489805
11575,,,,1995.0,10689.243491828862,4996.029724828746,2033,4,53.13,13631.60741236416
11576,,,,1992.0,10690.243491828862,4997.029724828746,2034,4,53.118,13629.803886238513
11577,,,,1990.0,10691.243491828862,4998.029724828746,2035,4,53.105,14763.527446628923
11578,,,,1990.0,10692.243491828862,4999.029724828746,2036,4,53.093,13625.938492135347
11579,,,,1988.0,10693.243491828862,5000.029724828746,2037,4,53.082,12488.906405197386
11580,,,,1987.0,10694.243491828862,5001.029724828746,2038,4,53.072,11352.367236313752
11581,,,,1985.0,10695.243491828862,5002.029724828746,2039,4,53.061,12486.30105270416
11582,,,,1981.0,10696.243491828862,5003.029724828746,2040,4,53.05,12484.880024779137
11583,,,,1978.0,10697.243491828862,5004.029724828746,2041,4,53.041,10213.931333624929
11584,,,,1972.0,10698.243491828862,5005.029724828746,2042,4,53.029,13617.152246131902
11585,,,,1969.0,10699.243491828862,5006.029724828746,2043,4,53.017,13615.343704014318
11586,,,,1966.0,10700.243491828862,5007.029724828746,2044,4,53.005,13613.534585888672
11587,,,,1964.0,10701.243491828862,5008.029724828746,2045,4,52.992,14745.896183249923
11588,,,,1961.0,10702.243491828862,5009.029724828746,2046,4,52.98,13609.657767793573
11589,,,,1958.0,10703.243491828862,5010.029724828746,2047,4,52.968,13607.846897659869
11590,,,,1957.0,10704.243491828862,5011.029724828746,2048,4,52.955,14739.73258401078
11591,,,,1954.0,10705.243491828862,5012.029724828746,2049,4,52.942,14737.491210702487
11592,,,,1952.0,10706.243491828862,5013.029724828746,2050,4,52.929,14735.24916140225
11593,,,,1950.0,10707.243491828862,5014.029724828746,2051,4,52.918,12466.625620678862
11594,,,,1948.0,10708.243491828862,5015.029724828746,2052,4,52.905,14731.319863463348
11595,,,,1946.0,10709.243491828862,5016.029724828746,2053,4,52.894,12463.299774115176
11596,,,,1943.0,10710.243491828862,5017.029724828746,2054,4,52.884,11329.08136078448
11597,,,,1941.0,10711.243491828862,5018.029724828746,2055,4,52.875,10195.293604071343
11598,,,,1939.0,10712.243491828862,5019.029724828746,2056,4,52.863,13592.294428068517
11599,,,,1936.0,10713.243491828862,5020.029724828746,2057,4,52.853,11325.612489819547
11600,,,,1933.0,10714.243491828862,5021.029724828746,2058,4,52.844,10192.170549202903
11601,,,,1930.0,10715.243491828862,5022.029724828746,2059,4,52.834,11323.655017292653
11602,,,,1927.0,10716.243491828862,5023.029724828746,2060,4,52.823,12454.707524780937
11603,,,,1925.0,10717.243491828862,5024.029724828746,2061,4,52.812,12453.276178855913
11604,,,,1922.0,10718.243491828862,5025.029724828746,2062,4,52.8,13583.701579908871
11605,,,,1919.0,10719.243491828862,5026.029724828746,2063,4,52.787,14713.565913430419
11606,,,,1916.0,10720.243491828862,5027.029724828746,2064,4,52.773,15842.804641959605
11607,,,,1912.0,10721.243491828862,5028.029724828746,2065,4,52.759,15840.079754518849
11608,,,,1910.0,10722.243491828862,5029.029724828746,2066,4,52.744,16968.43282677695
11609,,,,1908.0,10723.243491828862,5030.029724828746,2067,4,52.73,15834.327376803481
11610,,,,1906.0,10724.243491828862,5031.029724828746,2068,4,52.715,16962.267824931023
11611,,,,1904.0,10725.243491828862,5032.029724828746,2069,4,52.701,15828.571751088117
11612,,,,1902.0,10726.243491828862,5033.029724828746,2070,4,52.687,15825.842887639317
11613,,,,1900.0,10727.243491828862,5034.029724828746,2071,4,52.673,15823.11324018249
11614,,,,1897.0,10728.243491828862,5035.029724828746,2072,4,52.659,15820.382808741724
11615,,,,1895.0,10729.243491828862,5036.029724828746,2073,4,52.643,18076.972770823013
11616,,,,1892.0,10730.243491828862,5037.029724828746,2074,4,52.628,16943.751939425383
11617,,,,1890.0,10731.243491828862,5038.029724828746,2075,4,52.614,15811.285385942017
11618,,,,1888.0,10732.243491828862,5039.029724828746,2076,4,52.598,18066.57283619478
11619,,,,1886.0,10733.243491828862,5040.029724828746,2077,4,52.584,15805.216237400859
11620,,,,1885.0,10734.243491828862,5041.029724828746,2078,4,52.569,16931.068588444847
11621,,,,1884.0,10735.243491828862,5042.029724828746,2079,4,52.555,15799.444315693514
11622,,,,1881.0,10736.243491828862,5043.029724828746,2080,4,52.539,18053.03637648221
11623,,,,1879.0,10737.243491828862,5044.029724828746,2081,4,52.524,16921.305194730878
11624,,,,1879.0,10738.243491828862,5045.029724828746,2082,4,52.509,16918.048930159555
11625,,,,1878.0,10739.243491828862,5046.029724828746,2083,4,52.495,15787.289330627238
11626,,,,1877.0,10740.243491828862,5047.029724828746,2084,4,52.479,18039.1411249779
11627,,,,1874.0,10741.243491828862,5048.029724828746,2085,4,52.464,16908.274736445583
11628,,,,1872.0,10742.243491828862,5049.029724828746,2086,4,52.448,18031.843987434007
11629,,,,1869.0,10743.243491828862,5050.029724828746,2087,4,52.433,16901.431809998183
11630,,,,1868.0,10744.243491828862,5051.029724828746,2088,4,52.418,16898.17011542686
11631,,,,1867.0,10745.243491828862,5052.029724828746,2089,4,52.403,16894.907520855537
11632,,,,1865.0,10746.243491828862,5053.029724828746,2090,4,52.389,15765.684871935484
11633,,,,1864.0,10747.243491828862,5054.029724828746,2091,4,52.374,16888.702049017647
11634,,,,1861.0,10748.243491828862,5055.029724828746,2092,4,52.357,19136.462915429776
11635,,,,1860.0,10749.243491828862,5056.029724828746,2093,4,52.343,15756.241110318011
11636,,,,1858.0,10750.243491828862,5057.029724828746,2094,4,52.327,18003.647780641644
11637,,,,1858.0,10751.243491828862,5058.029724828746,2095,4,52.31,19124.623709321837
11638,,,,1857.0,10752.243491828862,5059.029724828746,2096,4,52.294,17995.64285151427
11639,,,,1854.0,10753.243491828862,5060.029724828746,2097,4,52.279,16867.48397505794
11640,,,,1853.0,10754.243491828862,5061.029724828746,2098,4,52.262,19112.409270951164
11641,,,,1852.0,10755.243491828862,5062.029724828746,2099,4,52.246,17984.143789502832
11642,,,,1851.0,10756.243491828862,5063.029724828746,2100,4,52.231,16856.7007694377
11643,,,,1849.0,10757.243491828862,5064.029724828746,2101,4,52.216,16853.427164866374
11644,,,,1849.0,10758.243491828862,5065.029724828746,2102,4,52.2,17973.32403908286
11645,,,,1850.0,10759.243491828862,5066.029724828746,2103,4,52.184,17969.485962423023
11646,,,,1851.0,10760.243491828862,5067.029724828746,2104,4,52.169,16842.955336542895
11647,,,,1852.0,10761.243491828862,5068.029724828746,2105,4,52.152,19084.602599283742
11648,,,,1854.0,10762.243491828862,5069.029724828746,2106,4,52.138,15713.521232682902
11649,,,,1854.0,10763.243491828862,5070.029724828746,2107,4,52.124,15710.762101226132
11650,,,,1852.0,10764.243491828862,5071.029724828746,2108,4,52.11,15708.002185785306
11651,,,,1850.0,10765.243491828862,5072.029724828746,2109,4,52.096,15705.241486336508
11652,,,,1848.0,10766.243491828862,5073.029724828746,2110,4,52.08,17945.346912074237
11653,,,,1847.0,10767.243491828862,5074.029724828746,2111,4,52.066,15699.114769795404
11654,,,,1846.0,10768.243491828862,5075.029724828746,2112,4,52.05,17938.343030330052
11655,,,,1845.0,10769.243491828862,5076.029724828746,2113,4,52.036,15692.98469326227
11656,,,,1844.0,10770.243491828862,5077.029724828746,2114,4,52.021,16810.788405439176
11657,,,,1843.0,10771.243491828862,5078.029724828746,2115,4,52.007,15687.152851554867
11658,,,,1842.0,10772.243491828862,5079.029724828746,2116,4,51.994,14564.213240115912
11659,,,,1842.0,10773.243491828862,5080.029724828746,2117,4,51.98,15681.921063475043
11660,,,,1841.0,10774.243491828862,5081.029724828746,2118,4,51.966,15679.15319601829
11661,,,,1839.0,10775.243491828862,5082.029724828746,2119,4,51.951,16795.964669106335
11662,,,,1837.0,10776.243491828862,5083.029724828746,2120,4,51.935,17912.013302272157
11663,,,,1835.0,10777.243491828862,5084.029724828746,2121,4,51.918,19027.23416207072
11664,,,,1835.0,10778.243491828862,5085.029724828746,2122,4,51.903,16785.1202634781
11665,,,,1835.0,10779.243491828862,5086.029724828746,2123,4,51.888,16781.826918906776
11666,,,,1835.0,10780.243491828862,5087.029724828746,2124,4,51.874,15660.114752783344
11667,,,,1834.0,10781.243491828862,5088.029724828746,2125,4,51.859,16775.560967068886
11668,,,,1833.0,10782.243491828862,5089.029724828746,2126,4,51.845,15654.264907075925
11669,,,,1832.0,10783.243491828862,5090.029724828746,2127,4,51.831,15651.489731619185
11670,,,,1831.0,10784.243491828862,5091.029724828746,2128,4,51.817,15648.713772178331
11671,,,,1829.0,10785.243491828862,5092.029724828746,2129,4,51.802,16763.34218069786
11672,,,,1828.0,10786.243491828862,5093.029724828746,2130,4,51.788,15642.857486462965
11673,,,,1828.0,10787.243491828862,5094.029724828746,2131,4,51.775,14523.070870673446
11674,,,,1826.0,10788.243491828862,5095.029724828746,2132,4,51.759,17871.20002692618
11675,,,,1825.0,10789.243491828862,5096.029724828746,2133,4,51.744,16750.786037022073
11676,,,,1823.0,10790.243491828862,5097.029724828746,2134,4,51.728,17863.809193382287
11677,,,,1824.0,10791.243491828862,5098.029724828746,2135,4,51.713,16743.855270574673
11678,,,,1826.0,10792.243491828862,5099.029724828746,2136,4,51.697,17856.414391838396
11679,,,,1828.0,10793.243491828862,5100.029724828746,2137,4,51.681,17852.542811178508
11680,,,,1828.0,10794.243491828862,5101.029724828746,2138,4,51.666,16733.290232251195
11681,,,,1828.0,10795.243491828862,5102.029724828746,2139,4,51.652,15614.80153923815
11682,,,,1828.0,10796.243491828862,5103.029724828746,2140,4,51.637,16726.997910413305
11683,,,,1827.0,10797.243491828862,5104.029724828746,2141,4,51.624,14494.14408272453
11684,,,,1826.0,10798.243491828862,5105.029724828746,2142,4,51.61,15606.442160899682
11685,,,,1825.0,10799.243491828862,5106.029724828746,2143,4,51.597,14489.247799793267
11686,,,,1822.0,10800.243491828862,5107.029724828746,2144,4,51.582,16715.374848651787
11687,,,,1820.0,10801.243491828862,5108.029724828746,2145,4,51.567,16712.06197408046
11688,,,,1817.0,10802.243491828862,5109.029724828746,2146,4,51.551,17822.491910244575
11689,,,,1815.0,10803.243491828862,5110.029724828746,2147,4,51.534,18932.090041041385
11690,,,,1815.0,10804.243491828862,5111.029724828746,2148,4,51.518,17814.382405117205
11691,,,,1815.0,10805.243491828862,5112.029724828746,2149,4,51.502,17810.498952449387
11692,,,,1814.0,10806.243491828862,5113.029724828746,2150,4,51.486,17806.61447578948
11693,,,,1813.0,10807.243491828862,5114.029724828746,2151,4,51.47,17802.728975113754
11694,,,,1810.0,10808.243491828862,5115.029724828746,2152,4,51.454,17798.84245044594
11695,,,,1808.0,10809.243491828862,5116.029724828746,2153,4,51.439,16682.932359071838
11696,,,,1806.0,10810.243491828862,5117.029724828746,2154,4,51.423,17791.412256902047
11697,,,,1805.0,10811.243491828862,5118.029724828746,2155,4,51.409,15564.38507052766
11698,,,,1804.0,10812.243491828862,5119.029724828746,2156,4,51.395,15561.586319070964
11699,,,,1804.0,10813.243491828862,5120.029724828746,2157,4,51.381,15558.786783630067
11700,,,,1803.0,10814.243491828862,5121.029724828746,2158,4,51.367,15555.986464181267
11701,,,,1801.0,10815.243491828862,5122.029724828746,2159,4,51.354,14442.384147411898
11702,,,,1799.0,10816.243491828862,5123.029724828746,2160,4,51.34,15550.686328093552
11703,,,,1797.0,10817.243491828862,5124.029724828746,2161,4,51.328,13327.017057829533
11704,,,,1793.0,10818.243491828862,5125.029724828746,2162,4,51.314,15545.686078839391
11705,,,,1791.0,10819.243491828862,5126.029724828746,2163,4,51.301,14432.816721880161
11706,,,,1790.0,10820.243491828862,5127.029724828746,2164,4,51.287,15540.379950759569
11707,,,,1789.0,10821.243491828862,5128.029724828746,2165,4,51.272,16647.238669177776
11708,,,,1787.0,10822.243491828862,5129.029724828746,2166,4,51.257,16643.90704460645
11709,,,,1785.0,10823.243491828862,5130.029724828746,2167,4,51.241,17749.77298280564
11710,,,,1784.0,10824.243491828862,5131.029724828746,2168,4,51.226,16636.91636815905
11711,,,,1783.0,10825.243491828862,5132.029724828746,2169,4,51.21,17742.314277261747
11712,,,,1783.0,10826.243491828862,5133.029724828746,2170,4,51.196,15521.412074342385
11713,,,,1784.0,10827.243491828862,5134.029724828746,2171,4,51.181,16626.910604445082
11714,,,,1783.0,10828.243491828862,5135.029724828746,2172,4,51.166,16623.573549873756
11715,,,,1784.0,10829.243491828862,5136.029724828746,2173,4,51.153,14404.485742923605
11716,,,,1784.0,10830.243491828862,5137.029724828746,2174,4,51.14,14402.155267623368
11717,,,,1784.0,10831.243491828862,5138.029724828746,2175,4,51.124,17722.340551172238
11718,,,,1784.0,10832.243491828862,5139.029724828746,2176,4,51.109,16611.19123350273
11719,,,,1784.0,10833.243491828862,5140.029724828746,2177,4,51.094,16607.849768931406
11720,,,,1783.0,10834.243491828862,5141.029724828746,2178,4,51.079,16604.507404360083
11721,,,,1784.0,10835.243491828862,5142.029724828746,2179,4,51.064,16601.16413978876
11722,,,,1782.0,10836.243491828862,5143.029724828746,2180,4,51.047,18810.49420630366
11723,,,,1780.0,10837.243491828862,5144.029724828746,2181,4,51.031,17699.906258540555
11724,,,,1777.0,10838.243491828862,5145.029724828746,2182,4,51.014,18801.80547109797
11725,,,,1776.0,10839.243491828862,5146.029724828746,2183,4,50.998,17691.726513421043
11726,,,,1776.0,10840.243491828862,5147.029724828746,2184,4,50.982,17687.80850074537
11727,,,,1774.0,10841.243491828862,5148.029724828746,2185,4,50.966,17683.889464077554
11728,,,,1773.0,10842.243491828862,5149.029724828746,2186,4,50.95,17679.969403409737
11729,,,,1770.0,10843.243491828862,5150.029724828746,2187,4,50.935,16571.45794747538
11730,,,,1768.0,10844.243491828862,5151.029724828746,2188,4,50.919,17672.47322587369
11731,,,,1766.0,10845.243491828862,5152.029724828746,2189,4,50.903,17668.550125198028
11732,,,,1765.0,10846.243491828862,5153.029724828746,2190,4,50.888,16560.749569151903
11733,,,,1764.0,10847.243491828862,5154.029724828746,2191,4,50.872,17661.047963654135
11734,,,,1761.0,10848.243491828862,5155.029724828746,2192,4,50.856,17657.12182298632
11735,,,,1759.0,10849.243491828862,5156.029724828746,2193,4,50.84,17653.1946583185
11736,,,,1757.0,10850.243491828862,5157.029724828746,2194,4,50.826,15443.41196776702
11737,,,,1756.0,10851.243491828862,5158.029724828746,2195,4,50.809,18748.72424896777
11738,,,,1755.0,10852.243491828862,5159.029724828746,2196,4,50.793,17641.754292106794
11739,,,,1752.0,10853.243491828862,5160.029724828746,2197,4,50.778,16535.621920628866
11740,,,,1751.0,10854.243491828862,5161.029724828746,2198,4,50.762,17634.2381465629
11741,,,,1749.0,10855.243491828862,5162.029724828746,2199,4,50.747,16528.573674181465
11742,,,,1745.0,10856.243491828862,5163.029724828746,2200,4,50.733,15423.682253714294
11743,,,,1743.0,10857.243491828862,5164.029724828746,2201,4,50.72,14319.49901169261
11744,,,,1742.0,10858.243491828862,5165.029724828746,2202,4,50.708,13215.959050671114
11745,,,,1741.0,10859.243491828862,5166.029724828746,2203,4,50.696,13214.048724545468
11746,,,,1738.0,10860.243491828862,5167.029724828746,2204,4,50.686,11010.332056883746
11747,,,,1734.0,10861.243491828862,5168.029724828746,2205,4,50.674,13210.747683981781
11748,,,,1731.0,10862.243491828862,5169.029724828746,2206,4,50.662,13208.835677856136
11749,,,,1729.0,10863.243491828862,5170.029724828746,2207,4,50.65,13206.923095730488
11750,,,,1728.0,10864.243491828862,5171.029724828746,2208,4,50.637,14305.286197237245
11751,,,,1726.0,10865.243491828862,5172.029724828746,2209,4,50.626,12102.71866884679
11752,,,,1723.0,10866.243491828862,5173.029724828746,2210,4,50.616,11001.202235995188
11753,,,,1720.0,10867.243491828862,5174.029724828746,2211,4,50.605,12099.925788353565
11754,,,,1719.0,10868.243491828862,5175.029724828746,2212,4,50.595,10998.66241372862
11755,,,,1718.0,10869.243491828862,5176.029724828746,2213,4,50.585,10997.500565030254
11756,,,,1717.0,10870.243491828862,5177.029724828746,2214,4,50.575,10996.338316331889
11757,,,,1716.0,10871.243491828862,5178.029724828746,2215,4,50.562,14293.304389435993
11758,,,,1717.0,10872.243491828862,5179.029724828746,2216,4,50.552,10993.360284325649
11759,,,,1715.0,10873.243491828862,5180.029724828746,2217,4,50.542,10992.196775627282
11760,,,,1714.0,10874.243491828862,5181.029724828746,2218,4,50.532,10991.032866936726
11761,,,,1712.0,10875.243491828862,5182.029724828746,2219,4,50.521,12088.735786372854
11762,,,,1711.0,10876.243491828862,5183.029724828746,2220,4,50.51,12087.21531845564
11763,,,,1712.0,10877.243491828862,5184.029724828746,2221,4,50.499,12085.69436652281
11764,,,,1711.0,10878.243491828862,5185.029724828746,2222,4,50.49,9887.24638796712
11765,,,,1711.0,10879.243491828862,5186.029724828746,2223,4,50.481,9886.392851521443
11766,,,,1711.0,10880.243491828862,5187.029724828746,2224,4,50.471,10983.823409876692
11767,,,,1710.0,10881.243491828862,5188.029724828746,2225,4,50.462,9884.488944239434
11768,,,,1710.0,10882.243491828862,5189.029724828746,2226,4,50.452,10981.707197349795
11769,,,,1710.0,10883.243491828862,5190.029724828746,2227,4,50.441,12078.47394182724
11770,,,,1710.0,10884.243491828862,5191.029724828746,2228,4,50.431,10979.154095083226
11771,,,,1709.0,10885.243491828862,5192.029724828746,2229,4,50.421,10977.98576637706
11772,,,,1708.0,10886.243491828862,5193.029724828746,2230,4,50.409,13171.919175373749
11773,,,,1706.0,10887.243491828862,5194.029724828746,2231,4,50.397,13169.993609248102
11774,,,,1705.0,10888.243491828862,5195.029724828746,2232,4,50.385,13168.067467122455
11775,,,,1704.0,10889.243491828862,5196.029724828746,2233,4,50.372,14263.17758457855
11776,,,,1704.0,10890.243491828862,5197.029724828746,2234,4,50.359,14260.806523278312
11777,,,,1705.0,10891.243491828862,5198.029724828746,2235,4,50.344,16451.713400365254
11778,,,,1704.0,10892.243491828862,5199.029724828746,2236,4,50.331,14255.495976016262
11779,,,,1704.0,10893.243491828862,5200.029724828746,2237,4,50.316,16445.584165832115
11780,,,,1704.0,10894.243491828862,5201.029724828746,2238,4,50.302,15346.197883254888
11781,,,,1705.0,10895.243491828862,5202.029724828746,2239,4,50.289,14247.524695123186
11782,,,,1705.0,10896.243491828862,5203.029724828746,2240,4,50.275,15340.777627175064
11783,,,,1705.0,10897.243491828862,5204.029724828746,2241,4,50.26,16433.31561676584
11784,,,,1703.0,10898.243491828862,5205.029724828746,2242,4,50.247,14239.546862230109
11785,,,,1702.0,10899.243491828862,5206.029724828746,2243,4,50.234,14237.169508929872
11786,,,,1701.0,10900.243491828862,5207.029724828746,2244,4,50.221,14234.791479637413
11787,,,,1700.0,10901.243491828862,5208.029724828746,2245,4,50.209,13137.74260660519
11788,,,,1700.0,10902.243491828862,5209.029724828746,2246,4,50.196,14230.316851367725
11789,,,,1701.0,10903.243491828862,5210.029724828746,2247,4,50.183,14227.936820059707
11790,,,,1701.0,10904.243491828862,5211.029724828746,2248,4,50.168,16413.77607972839
11791,,,,1701.0,10905.243491828862,5212.029724828746,2249,4,50.157,12034.754086498084
11792,,,,1701.0,10906.243491828862,5213.029724828746,2250,4,50.145,13127.016416601746
11793,,,,1702.0,10907.243491828862,5214.029724828746,2251,4,50.133,13125.078754483873
11794,,,,1701.0,10908.243491828862,5215.029724828746,2252,4,50.122,12029.665464009375
11795,,,,1700.0,10909.243491828862,5216.029724828746,2253,4,50.11,13121.463524076384
11796,,,,1699.0,10910.243491828862,5217.029724828746,2254,4,50.095,16398.914236481287
11797,,,,1698.0,10911.243491828862,5218.029724828746,2255,4,50.081,15302.626192519676
11798,,,,1696.0,10912.243491828862,5219.029724828746,2256,4,50.066,16392.4267346434
11799,,,,1696.0,10913.243491828862,5220.029724828746,2257,4,50.051,16389.017980072073
11800,,,,1697.0,10914.243491828862,5221.029724828746,2258,4,50.036,16385.60832550075
11801,,,,1698.0,10915.243491828862,5222.029724828746,2259,4,50.021,16382.197770929428
11802,,,,1699.0,10916.243491828862,5223.029724828746,2260,4,50.006,16378.786316358104
11803,,,,1701.0,10917.243491828862,5224.029724828746,2261,4,49.993,14192.274615210079
11804,,,,1705.0,10918.243491828862,5225.029724828746,2262,4,49.978,16372.615801824968
11805,,,,1705.0,10919.243491828862,5226.029724828746,2263,4,49.967,12004.561698702231
11806,,,,1706.0,10920.243491828862,5227.029724828746,2264,4,49.955,13094.070842286777
11807,,,,1707.0,10921.243491828862,5228.029724828746,2265,4,49.944,12001.234339487613
11808,,,,1708.0,10922.243491828862,5229.029724828746,2266,4,49.932,13090.43989187929
11809,,,,1707.0,10923.243491828862,5230.029724828746,2267,4,49.921,11997.9049562885
11810,,,,1706.0,10924.243491828862,5231.029724828746,2268,4,49.911,10905.89076276042
11811,,,,1704.0,10925.243491828862,5232.029724828746,2269,4,49.899,13085.38263503376
11812,,,,1704.0,10926.243491828862,5233.029724828746,2270,4,49.886,14173.577688815814
11813,,,,1706.0,10927.243491828862,5234.029724828746,2271,4,49.872,15261.119387613251
11814,,,,1708.0,10928.243491828862,5235.029724828746,2272,4,49.859,14168.50047188455
11815,,,,1708.0,10929.243491828862,5236.029724828746,2273,4,49.845,15255.650103533428
11816,,,,1709.0,10930.243491828862,5237.029724828746,2274,4,49.832,14163.420446953287
11817,,,,1710.0,10931.243491828862,5238.029724828746,2275,4,49.821,11982.64328460647
11818,,,,1713.0,10932.243491828862,5239.029724828746,2276,4,49.812,9802.909942392836
11819,,,,1714.0,10933.243491828862,5240.029724828746,2277,4,49.8,13068.987008497174
11820,,,,1713.0,10934.243491828862,5241.029724828746,2278,4,49.789,11978.234126180485
11821,,,,1712.0,10935.243491828862,5242.029724828746,2279,4,49.78,9799.301333141542
11822,,,,1711.0,10936.243491828862,5243.029724828746,2280,4,49.77,10887.030396113467
11823,,,,1709.0,10937.243491828862,5244.029724828746,2281,4,49.761,9797.353037867339
11824,,,,1708.0,10938.243491828862,5245.029724828746,2282,4,49.751,10884.864863594306
11825,,,,1708.0,10939.243491828862,5246.029724828746,2283,4,49.741,10883.672134888206
11826,,,,1708.0,10940.243491828862,5247.029724828746,2284,4,49.73,11970.606564135827
11827,,,,1708.0,10941.243491828862,5248.029724828746,2285,4,49.718,13057.017393297523
11828,,,,1708.0,10942.243491828862,5249.029724828746,2286,4,49.706,13055.059403179608
11829,,,,1710.0,10943.243491828862,5250.029724828746,2287,4,49.694,13053.100837053962
11830,,,,1710.0,10944.243491828862,5251.029724828746,2288,4,49.684,10876.17029731525
11831,,,,1708.0,10945.243491828862,5252.029724828746,2289,4,49.672,13049.707348490274
11832,,,,1708.0,10946.243491828862,5253.029724828746,2290,4,49.66,13047.747102364629
11833,,,,1711.0,10947.243491828862,5254.029724828746,2291,4,49.645,16306.740224333871
11834,,,,1716.0,10948.243491828862,5255.029724828746,2292,4,49.633,13043.036608581924
11835,,,,1719.0,10949.243491828862,5256.029724828746,2293,4,49.618,16300.850487113214
11836,,,,1722.0,10950.243491828862,5257.029724828746,2294,4,49.604,15211.070836450557
11837,,,,1725.0,10951.243491828862,5258.029724828746,2295,4,49.592,13035.834592985962
11838,,,,1729.0,10952.243491828862,5259.029724828746,2296,4,49.578,15205.875819180786
11839,,,,1733.0,10953.243491828862,5260.029724828746,2297,4,49.566,13031.380473047062
11840,,,,1735.0,10954.243491828862,5261.029724828746,2298,4,49.555,11943.75126069228
11841,,,,1738.0,10955.243491828862,5262.029724828746,2299,4,49.542,14113.212936024906
11842,,,,1740.0,10956.243491828862,5263.029724828746,2300,4,49.531,11940.147026128592
11843,,,,1743.0,10957.243491828862,5264.029724828746,2301,4,49.52,11938.585176195858
11844,,,,1747.0,10958.243491828862,5265.029724828746,2302,4,49.507,14107.105717455051
11845,,,,1750.0,10959.243491828862,5266.029724828746,2303,4,49.496,11934.977817632174
11846,,,,1753.0,10960.243491828862,5267.029724828746,2304,4,49.484,13018.138809855143
11847,,,,1755.0,10961.243491828862,5268.029724828746,2305,4,49.474,10847.027334649554
11848,,,,1755.0,10962.243491828862,5269.029724828746,2306,4,49.463,11930.286327857108
11849,,,,1754.0,10963.243491828862,5270.029724828746,2307,4,49.45,14097.294945592454
11850,,,,1755.0,10964.243491828862,5271.029724828746,2308,4,49.437,14094.87490029992
11851,,,,1756.0,10965.243491828862,5272.029724828746,2309,4,49.422,16260.195095381257
11852,,,,1758.0,10966.243491828862,5273.029724828746,2310,4,49.408,15173.113820159691
11853,,,,1762.0,10967.243491828862,5274.029724828746,2311,4,49.392,17337.018511881157
11854,,,,1767.0,10968.243491828862,5275.029724828746,2312,4,49.376,17332.983571221037
11855,,,,1769.0,10969.243491828862,5276.029724828746,2313,4,49.361,16246.05291979121
11856,,,,1772.0,10970.243491828862,5277.029724828746,2314,4,49.346,16242.597365219886
11857,,,,1775.0,10971.243491828862,5278.029724828746,2315,4,49.332,15156.685114009084
11858,,,,1778.0,10972.243491828862,5279.029724828746,2316,4,49.319,14071.496305259288
11859,,,,1784.0,10973.243491828862,5280.029724828746,2317,4,49.307,12986.965351501853
11860,,,,1786.0,10974.243491828862,5281.029724828746,2318,4,49.293,15148.845716123698
11861,,,,1790.0,10975.243491828862,5282.029724828746,2319,4,49.281,12982.48382356295
11862,,,,1793.0,10976.243491828862,5283.029724828746,2320,4,49.269,12980.505553437304
11863,,,,1794.0,10977.243491828862,5284.029724828746,2321,4,49.257,12978.526707311657
11864,,,,1796.0,10978.243491828862,5285.029724828746,2322,4,49.244,14057.783508450222
11865,,,,1797.0,10979.243491828862,5286.029724828746,2323,4,49.232,12974.30378521656
11866,,,,1801.0,10980.243491828862,5287.029724828746,2324,4,49.222,10810.488927443037
11867,,,,1807.0,10981.243491828862,5288.029724828746,2325,4,49.212,10809.277218744672
11868,,,,1813.0,10982.243491828862,5289.029724828746,2326,4,49.203,9727.357439235406
11869,,,,1818.0,10983.243491828862,5290.029724828746,2327,4,49.193,10807.072266225456
11870,,,,1822.0,10984.243491828862,5291.029724828746,2328,4,49.184,9725.3722979612
11871,,,,1828.0,10985.243491828862,5292.029724828746,2329,4,49.174,10804.865793690882
11872,,,,1834.0,10986.243491828862,5293.029724828746,2330,4,49.165,9723.385788686994
11873,,,,1840.0,10987.243491828862,5294.029724828746,2331,4,49.156,9722.490906241317
11874,,,,1843.0,10988.243491828862,5295.029724828746,2332,4,49.145,11881.708558388293
11875,,,,1844.0,10989.243491828862,5296.029724828746,2333,4,49.134,11880.130472470944
11876,,,,1845.0,10990.243491828862,5297.029724828746,2334,4,49.126,8639.210604059717
11877,,,,1847.0,10991.243491828862,5298.029724828746,2335,4,49.116,10798.017431240361
11878,,,,1854.0,10992.243491828862,5299.029724828746,2336,4,49.104,12955.89786920966
11879,,,,1863.0,10993.243491828862,5300.029724828746,2337,4,49.092,12953.910455084013
11880,,,,1868.0,10994.243491828862,5301.029724828746,2338,4,49.085,7555.672903078705
11881,,,,1874.0,10995.243491828862,5302.029724828746,2339,4,49.081,4317.436290473095
12173,,,,2548.0,11287.243491828862,5594.029724828746,2631,4,49.075,6647.4640331039745
12174,,,,2551.0,11288.243491828862,5595.029724828746,2632,4,49.065,11078.282162886513
12175,,,,2552.0,11289.243491828862,5596.029724828746,2633,4,49.057,8861.785199236941
12176,,,,2553.0,11290.243491828862,5597.029724828746,2634,4,49.048,9968.664039893212
12177,,,,2554.0,11291.243491828862,5598.029724828746,2635,4,49.04,8860.283933015035
12178,,,,2556.0,11292.243491828862,5599.029724828746,2636,4,49.03,11074.303192434361
12179,,,,2558.0,11293.243491828862,5600.029724828746,2637,4,49.022,8858.600886889386
12180,,,,2559.0,11294.243491828862,5601.029724828746,2638,4,49.013,9965.080446493359
12181,,,,2559.0,11295.243491828862,5602.029724828746,2639,4,49.003,11071.145860948774
12182,,,,2559.0,11296.243491828862,5603.029724828746,2640,4,48.993,11069.866772250409
12183,,,,2560.0,11297.243491828862,5604.029724828746,2641,4,48.984,9961.830230390626
12184,,,,2564.0,11298.243491828862,5605.029724828746,2642,4,48.974,11067.533359731378
12185,,,,2566.0,11299.243491828862,5606.029724828746,2643,4,48.964,11066.253091025148
12186,,,,2568.0,11300.243491828862,5607.029724828746,2644,4,48.954,11064.972422326784
12187,,,,2569.0,11301.243491828862,5608.029724828746,2645,4,48.945,9957.42392945936
12188,,,,2569.0,11302.243491828862,5609.029724828746,2646,4,48.937,8850.289579740496
12189,,,,2569.0,11303.243491828862,5610.029724828746,2647,4,48.929,8849.625820565683
12190,,,,2570.0,11304.243491828862,5611.029724828746,2648,4,48.921,8848.961805406589
12191,,,,2574.0,11305.243491828862,5612.029724828746,2649,4,48.917,4424.329651011757
12192,,,,2576.0,11306.243491828862,5613.029724828746,2650,4,48.915,2212.224826587906
12193,,,,2579.0,11307.243491828862,5614.029724828746,2651,4,48.914,1106.1763235595477
12214,,,,2630.0,11328.243491828862,5635.029724828746,2672,4,48.91,4432.696365384084
12215,,,,2631.0,11329.243491828862,5636.029724828746,2673,4,48.903,7757.031055661464
12216,,,,2630.0,11330.243491828862,5637.029724828746,2674,4,48.895,8864.60122410612
12217,,,,2629.0,11331.243491828862,5638.029724828746,2675,4,48.881,15510.931291202036
12218,,,,2631.0,11332.243491828862,5639.029724828746,2676,4,48.866,16615.392068937566
12219,,,,2636.0,11333.243491828862,5640.029724828746,2677,4,48.854,13289.8146482587
12220,,,,2641.0,11334.243491828862,5641.029724828746,2678,4,48.846,8858.844713216396
12221,,,,2648.0,11335.243491828862,5642.029724828746,2679,4,48.84,6643.767574449149
12222,,,,2652.0,11336.243491828862,5643.029724828746,2680,4,48.839,1107.3129280436387
12506,,,,3066.0,11620.243491828862,5927.029724828746,2964,4,48.827,13618.832410476007
12507,,,,3062.0,11621.243491828862,5928.029724828746,2965,4,48.812,17020.29889948082
12508,,,,3058.0,11622.243491828862,5929.029724828746,2966,4,48.8,13613.645180693302
12509,,,,3053.0,11623.243491828862,5930.029724828746,2967,4,48.787,14745.607014280213
12510,,,,3051.0,11624.243491828862,5931.029724828746,2968,4,48.774,14742.946650979975
12511,,,,3048.0,11625.243491828862,5932.029724828746,2969,4,48.759,17007.673102328812
12512,,,,3044.0,11626.243491828862,5933.029724828746,2970,4,48.743,18137.311887042764
12513,,,,3043.0,11627.243491828862,5934.029724828746,2971,4,48.73,14733.449963433377
12514,,,,3042.0,11628.243491828862,5935.029724828746,2972,4,48.715,16996.712805911546
12515,,,,3041.0,11629.243491828862,5936.029724828746,2973,4,48.701,15860.24137600329
12516,,,,3039.0,11630.243491828862,5937.029724828746,2974,4,48.686,16989.517844081704
12517,,,,3037.0,11631.243491828862,5938.029724828746,2975,4,48.672,15853.524454287923
12518,,,,3034.0,11632.243491828862,5939.029724828746,2976,4,48.658,15850.327626831082
12519,,,,3030.0,11633.243491828862,5940.029724828746,2977,4,48.645,14715.343389308386
12520,,,,3028.0,11634.243491828862,5941.029724828746,2978,4,48.628,19238.86204207478
12521,,,,3026.0,11635.243491828862,5942.029724828746,2979,4,48.615,14708.79777738476
12522,,,,3024.0,11636.243491828862,5943.029724828746,2980,4,48.601,15837.206662226165
12523,,,,3022.0,11637.243491828862,5944.029724828746,2981,4,48.586,16964.831748606215
12524,,,,3017.0,11638.243491828862,5945.029724828746,2982,4,48.57,18091.602955072005
12525,,,,3015.0,11639.243491828862,5946.029724828746,2983,4,48.555,16956.922862158815
12526,,,,3014.0,11640.243491828862,5947.029724828746,2984,4,48.539,18083.164825528114
12527,,,,3012.0,11641.243491828862,5948.029724828746,2985,4,48.522,19208.482487530222
12528,,,,3011.0,11642.243491828862,5949.029724828746,2986,4,48.508,15815.05640416541
12529,,,,3008.0,11643.243491828862,5950.029724828746,2987,4,48.494,15811.85067272464
12530,,,,3005.0,11644.243491828862,5951.029724828746,2988,4,48.478,18066.649278232064
12531,,,,3002.0,11645.243491828862,5952.029724828746,2989,4,48.463,16933.52324012137
12532,,,,3000.0,11646.243491828862,5953.029724828746,2990,4,48.449,15801.250489924932
12533,,,,2998.0,11647.243491828862,5954.029724828746,2991,4,48.434,16926.298368283475
12534,,,,2995.0,11648.243491828862,5955.029724828746,2992,4,48.42,15794.505652201551
12535,,,,2993.0,11649.243491828862,5956.029724828746,2993,4,48.404,18046.82162964342
12536,,,,2991.0,11650.243491828862,5957.029724828746,2994,4,48.389,16914.930274569506
12537,,,,2990.0,11651.243491828862,5958.029724828746,2995,4,48.375,15783.89295340986
12538,,,,2990.0,11652.243491828862,5959.029724828746,2996,4,48.362,14653.640022695517
12539,,,,2990.0,11653.243491828862,5960.029724828746,2997,4,48.349,14650.958807403287
12540,,,,2989.0,11654.243491828862,5961.029724828746,2998,4,48.336,14648.276916095041
12541,,,,2987.0,11655.243491828862,5962.029724828746,2999,4,48.324,13519.150031042645
12542,,,,2984.0,11656.243491828862,5963.029724828746,3000,4,48.311,14643.214167825354
12543,,,,2980.0,11657.243491828862,5964.029724828746,3001,4,48.298,14640.530274525116
12544,,,,2978.0,11658.243491828862,5965.029724828746,3002,4,48.285,14637.84570523288
12545,,,,2976.0,11659.243491828862,5966.029724828746,3003,4,48.271,15760.778804353651
12546,,,,2975.0,11660.243491828862,5967.029724828746,3004,4,48.258,14632.171372293617
12547,,,,2974.0,11661.243491828862,5968.029724828746,3005,4,48.243,16879.824873075297
12548,,,,2972.0,11662.243491828862,5969.029724828746,3006,4,48.231,13501.239343568883
12549,,,,2970.0,11663.243491828862,5970.029724828746,3007,4,48.217,15748.551116202001
12550,,,,2969.0,11664.243491828862,5971.029724828746,3008,4,48.203,15745.329004745214
12551,,,,2966.0,11665.243491828862,5972.029724828746,3009,4,48.189,15742.106109304408
12552,,,,2964.0,11666.243491828862,5973.029724828746,3010,4,48.177,13490.750644003472
12553,,,,2962.0,11667.243491828862,5974.029724828746,3011,4,48.164,14612.440768199589
12554,,,,2955.0,11668.243491828862,5975.029724828746,3012,4,48.153,12362.352292430416
12555,,,,2953.0,11669.243491828862,5976.029724828746,3013,4,48.142,12360.587822497408
12556,,,,2951.0,11670.243491828862,5977.029724828746,3014,4,48.129,14605.578145630008
12557,,,,2948.0,11671.243491828862,5978.029724828746,3015,4,48.114,16849.132310761914
12558,,,,2943.0,11672.243491828862,5979.029724828746,3016,4,48.098,17968.158253371435
12559,,,,2940.0,11673.243491828862,5980.029724828746,3017,4,48.082,17963.720944703622
12560,,,,2938.0,11674.243491828862,5981.029724828746,3018,4,48.067,16837.002562438436
12561,,,,2936.0,11675.243491828862,5982.029724828746,3019,4,48.053,15711.141662087515
12562,,,,2934.0,11676.243491828862,5983.029724828746,3020,4,48.039,15707.910254630746
12563,,,,2931.0,11677.243491828862,5984.029724828746,3021,4,48.024,16826.265623333977
12564,,,,2927.0,11678.243491828862,5985.029724828746,3022,4,48.007,19065.047812988276
12565,,,,2926.0,11679.243491828862,5986.029724828746,3023,4,47.992,16817.93543958182
12566,,,,2925.0,11680.243491828862,5987.029724828746,3024,4,47.976,17934.873718779338
12567,,,,2924.0,11681.243491828862,5988.029724828746,3025,4,47.962,15689.451933662369
12568,,,,2924.0,11682.243491828862,5989.029724828746,3026,4,47.947,16806.48436586785
12569,,,,2922.0,11683.243491828862,5990.029724828746,3027,4,47.933,15682.651403954966
12570,,,,2919.0,11684.243491828862,5991.029724828746,3028,4,47.918,16799.19634402996
12571,,,,2914.0,11685.243491828862,5992.029724828746,3029,4,47.903,16795.375749458635
12572,,,,2911.0,11686.243491828862,5993.029724828746,3030,4,47.89,14552.984196563808
12573,,,,2908.0,11687.243491828862,5994.029724828746,3031,4,47.875,16788.4330949255
12574,,,,2907.0,11688.243491828862,5995.029724828746,3032,4,47.862,14546.965773301758
12575,,,,2907.0,11689.243491828862,5996.029724828746,3033,4,47.847,16781.487080392366
12576,,,,2906.0,11690.243491828862,5997.029724828746,3034,4,47.834,14540.944438039707
12577,,,,2905.0,11691.243491828862,5998.029724828746,3035,4,47.82,15656.398869546814
12578,,,,2904.0,11692.243491828862,5999.029724828746,3036,4,47.807,14535.224189108445
12579,,,,2902.0,11693.243491828862,6000.029724828746,3037,4,47.794,14532.51502381615
12580,,,,2901.0,11694.243491828862,6001.029724828746,3038,4,47.781,14529.805182507967
12581,,,,2899.0,11695.243491828862,6002.029724828746,3039,4,47.768,14527.094665207731
12582,,,,2898.0,11696.243491828862,6003.029724828746,3040,4,47.756,13407.26355976203
12583,,,,2897.0,11697.243491828862,6004.029724828746,3041,4,47.741,16755.774926088347
12584,,,,2895.0,11698.243491828862,6005.029724828746,3042,4,47.727,15635.310735494086
12585,,,,2895.0,11699.243491828862,6006.029724828746,3043,4,47.713,15632.061184037355
12586,,,,2895.0,11700.243491828862,6007.029724828746,3044,4,47.7,14512.61931971418
12587,,,,2894.0,11701.243491828862,6008.029724828746,3045,4,47.685,16741.846657022073
12588,,,,2894.0,11702.243491828862,6009.029724828746,3046,4,47.671,15622.307825698896
12589,,,,2892.0,11703.243491828862,6010.029724828746,3047,4,47.657,15619.055138250098
12590,,,,2892.0,11704.243491828862,6011.029724828746,3048,4,47.642,16731.04050790969
12591,,,,2892.0,11705.243491828862,6012.029724828746,3049,4,47.63,13382.18349544274
12592,,,,2893.0,11706.243491828862,6013.029724828746,3050,4,47.615,16724.417420689235
12593,,,,2894.0,11707.243491828862,6014.029724828746,3051,4,47.603,13376.883729660034
12594,,,,2892.0,11708.243491828862,6015.029724828746,3052,4,47.592,12260.228631254238
12595,,,,2890.0,11709.243491828862,6016.029724828746,3053,4,47.581,12258.442139321296
12596,,,,2886.0,11710.243491828862,6017.029724828746,3054,4,47.569,13370.756018970702
12597,,,,2882.0,11711.243491828862,6018.029724828746,3055,4,47.554,16710.129220099185
12598,,,,2878.0,11712.243491828862,6019.029724828746,3056,4,47.54,15592.697156570863
12599,,,,2876.0,11713.243491828862,6020.029724828746,3057,4,47.526,15589.436881114152
12600,,,,2876.0,11714.243491828862,6021.029724828746,3058,4,47.513,14473.029833864824
12601,,,,2875.0,11715.243491828862,6022.029724828746,3059,4,47.499,15583.242005034332
12602,,,,2873.0,11716.243491828862,6023.029724828746,3060,4,47.483,17805.31582946017
12603,,,,2871.0,11717.243491828862,6024.029724828746,3061,4,47.471,13351.189662277919
12604,,,,2867.0,11718.243491828862,6025.029724828746,3062,4,47.458,14461.214773663598
12605,,,,2865.0,11719.243491828862,6026.029724828746,3063,4,47.444,15570.515042056919
12606,,,,2863.0,11720.243491828862,6027.029724828746,3064,4,47.429,16679.019912004827
12607,,,,2861.0,11721.243491828862,6028.029724828746,3065,4,47.415,15563.654648349455
12608,,,,2858.0,11722.243491828862,6029.029724828746,3066,4,47.399,17782.92471094623
12609,,,,2855.0,11723.243491828862,6030.029724828746,3067,4,47.384,16667.462818290856
12610,,,,2852.0,11724.243491828862,6031.029724828746,3068,4,47.37,15552.865549549748
12611,,,,2848.0,11725.243491828862,6032.029724828746,3069,4,47.354,17770.591432317997
12612,,,,2844.0,11726.243491828862,6033.029724828746,3070,4,47.339,16655.897624576886
12613,,,,2840.0,11727.243491828862,6034.029724828746,3071,4,47.323,17761.989174774102
12614,,,,2835.0,11728.243491828862,6035.029724828746,3072,4,47.307,17757.498906106288
12615,,,,2833.0,11729.243491828862,6036.029724828746,3073,4,47.291,17753.007613446356
12616,,,,2831.0,11730.243491828862,6037.029724828746,3074,4,47.274,18857.598088676998
12617,,,,2829.0,11731.243491828862,6038.029724828746,3075,4,47.26,15526.01921159491
12618,,,,2828.0,11732.243491828862,6039.029724828746,3076,4,47.245,16631.33506792993
12619,,,,2825.0,11733.243491828862,6040.029724828746,3077,4,47.231,15519.138769871666
12620,,,,2823.0,11734.243491828862,6041.029724828746,3078,4,47.216,16623.96142609204
12621,,,,2820.0,11735.243491828862,6042.029724828746,3079,4,47.201,16620.097271520714
12622,,,,2818.0,11736.243491828862,6043.029724828746,3080,4,47.188,14401.03973035097
12623,,,,2817.0,11737.243491828862,6044.029724828746,3081,4,47.174,15505.696785266582
12624,,,,2815.0,11738.243491828862,6045.029724828746,3082,4,47.161,14395.253597419707
12625,,,,2814.0,11739.243491828862,6046.029724828746,3083,4,47.146,16606.392539759196
12626,,,,2811.0,11740.243491828862,6047.029724828746,3084,4,47.133,14389.159410157657
12627,,,,2808.0,11741.243491828862,6048.029724828746,3085,4,47.121,13279.909968946555
12628,,,,2804.0,11742.243491828862,6049.029724828746,3086,4,47.108,14383.97820589583
12629,,,,2798.0,11743.243491828862,6050.029724828746,3087,4,47.093,16593.379202599328
12630,,,,2794.0,11744.243491828862,6051.029724828746,3088,4,47.079,15483.704573578312
12631,,,,2790.0,11745.243491828862,6052.029724828746,3089,4,47.065,15480.418846129514
12632,,,,2787.0,11746.243491828862,6053.029724828746,3090,4,47.049,17687.775359837757
12633,,,,2786.0,11747.243491828862,6054.029724828746,3091,4,47.035,15473.187193596375
12634,,,,2784.0,11748.243491828862,6055.029724828746,3092,4,47.02,16574.71562435223
12635,,,,2783.0,11749.243491828862,6056.029724828746,3093,4,47.006,15466.281159881011
12636,,,,2782.0,11750.243491828862,6057.029724828746,3094,4,46.992,15462.991428432213
12637,,,,2781.0,11751.243491828862,6058.029724828746,3095,4,46.977,16563.78899525562
12638,,,,2778.0,11752.243491828862,6059.029724828746,3096,4,46.963,15456.080550709
12639,,,,2775.0,11753.243491828862,6060.029724828746,3097,4,46.949,15452.788439268048
12640,,,,2774.0,11754.243491828862,6061.029724828746,3098,4,46.934,16552.854626151162
12641,,,,2771.0,11755.243491828862,6062.029724828746,3099,4,46.918,17652.049795120012
12642,,,,2770.0,11756.243491828862,6063.029724828746,3100,4,46.904,15441.919876460506
12643,,,,2769.0,11757.243491828862,6064.029724828746,3101,4,46.889,16541.207082437195
12644,,,,2770.0,11758.243491828862,6065.029724828746,3102,4,46.873,17639.622820499615
12645,,,,2770.0,11759.243491828862,6066.029724828746,3103,4,46.858,16533.08477598979
12646,,,,2769.0,11760.243491828862,6067.029724828746,3104,4,46.842,17630.957042947888
12647,,,,2769.0,11761.243491828862,6068.029724828746,3105,4,46.828,15423.459490309899
12648,,,,2769.0,11762.243491828862,6069.029724828746,3106,4,46.813,16521.423642275822
12649,,,,2769.0,11763.243491828862,6070.029724828746,3107,4,46.8,14315.502669013236
12650,,,,2769.0,11764.243491828862,6071.029724828746,3108,4,46.786,15413.558879963512
12651,,,,2770.0,11765.243491828862,6072.029724828746,3109,4,46.773,14309.67740607415
12652,,,,2771.0,11766.243491828862,6073.029724828746,3110,4,46.762,12106.111435093404
12653,,,,2771.0,11767.243491828862,6074.029724828746,3111,4,46.748,15404.969144896026
12654,,,,2771.0,11768.243491828862,6075.029724828746,3112,4,46.737,12101.69667116508
12655,,,,2770.0,11769.243491828862,6076.029724828746,3113,4,46.724,14299.548457873376
12656,,,,2770.0,11770.243491828862,6077.029724828746,3114,4,46.712,13197.173650822944
12657,,,,2768.0,11771.243491828862,6078.029724828746,3115,4,46.7,13194.904764705112
12658,,,,2766.0,11772.243491828862,6079.029724828746,3116,4,46.689,12093.378522045525
12659,,,,2764.0,11773.243491828862,6080.029724828746,3117,4,46.676,14289.715421987761
12660,,,,2762.0,11774.243491828862,6081.029724828746,3118,4,46.665,12089.216279481838
12661,,,,2759.0,11775.243491828862,6082.029724828746,3119,4,46.652,14284.79516004886
12662,,,,2756.0,11776.243491828862,6083.029724828746,3120,4,46.64,13183.551694076878
12663,,,,2753.0,11777.243491828862,6084.029724828746,3121,4,46.627,14279.566193779172
12664,,,,2750.0,11778.243491828862,6085.029724828746,3122,4,46.612,16472.874674020095
12665,,,,2747.0,11779.243491828862,6086.029724828746,3123,4,46.6,13175.602132324722
12666,,,,2744.0,11780.243491828862,6087.029724828746,3124,4,46.586,15368.552780417083
12667,,,,2740.0,11781.243491828862,6088.029724828746,3125,4,46.571,16462.57949952514
12668,,,,2737.0,11782.243491828862,6089.029724828746,3126,4,46.557,15361.59480669392
12669,,,,2735.0,11783.243491828862,6090.029724828746,3127,4,46.541,17551.942441642397
12670,,,,2734.0,11784.243491828862,6091.029724828746,3128,4,46.525,17547.398476966784
12671,,,,2733.0,11785.243491828862,6092.029724828746,3129,4,46.511,15350.326789076447
12672,,,,2731.0,11786.243491828862,6093.029724828746,3130,4,46.495,17539.06179522242
12673,,,,2728.0,11787.243491828862,6094.029724828746,3131,4,46.479,17534.514822546815
12674,,,,2725.0,11788.243491828862,6095.029724828746,3132,4,46.462,18625.389352354643
12675,,,,2721.0,11789.243491828862,6096.029724828746,3133,4,46.446,17525.040549427227
12676,,,,2718.0,11790.243491828862,6097.029724828746,3134,4,46.429,18615.320693156813
12677,,,,2715.0,11791.243491828862,6098.029724828746,3135,4,46.413,17515.56205229985
12678,,,,2713.0,11792.243491828862,6099.029724828746,3136,4,46.395,19699.461611806724
12679,,,,2712.0,11793.243491828862,6100.029724828746,3137,4,46.379,17505.701947380738
12680,,,,2712.0,11794.243491828862,6101.029724828746,3138,4,46.363,17501.14767870515
12681,,,,2712.0,11795.243491828862,6102.029724828746,3139,4,46.347,17496.592386037333
12682,,,,2711.0,11796.243491828862,6103.029724828746,3140,4,46.332,16398.96075868873
12683,,,,2709.0,11797.243491828862,6104.029724828746,3141,4,46.316,17487.856240493442
12684,,,,2707.0,11798.243491828862,6105.029724828746,3142,4,46.301,16390.76876224133
12685,,,,2706.0,11799.243491828862,6106.029724828746,3143,4,46.286,16386.848357670005
12686,,,,2706.0,11800.243491828862,6107.029724828746,3144,4,46.271,16382.927053098681
12687,,,,2705.0,11801.243491828862,6108.029724828746,3145,4,46.255,17470.749685197392
12688,,,,2707.0,11802.243491828862,6109.029724828746,3146,4,46.239,17466.187352537334
12689,,,,2709.0,11803.243491828862,6110.029724828746,3147,4,46.225,15279.251487193904
12690,,,,2710.0,11804.243491828862,6111.029724828746,3148,4,46.211,15275.91871975286
12691,,,,2712.0,11805.243491828862,6112.029724828746,3149,4,46.198,14181.839695871326
12692,,,,2712.0,11806.243491828862,6113.029724828746,3150,4,46.187,11997.917854921741
12693,,,,2710.0,11807.243491828862,6114.029724828746,3151,4,46.176,11996.076736988969
12694,,,,2708.0,11808.243491828862,6115.029724828746,3152,4,46.163,14174.69814530151
12695,,,,2705.0,11809.243491828862,6116.029724828746,3153,4,46.149,15261.888393043297
12696,,,,2702.0,11810.243491828862,6117.029724828746,3154,4,46.136,14168.8081683625
12697,,,,2699.0,11811.243491828862,6118.029724828746,3155,4,46.125,11986.888493798884
12698,,,,2697.0,11812.243491828862,6119.029724828746,3156,4,46.11,16342.534177033145
12699,,,,2695.0,11813.243491828862,6120.029724828746,3157,4,46.096,15249.527011709166
12700,,,,2694.0,11814.243491828862,6121.029724828746,3158,4,46.082,15246.186712252631
12701,,,,2693.0,11815.243491828862,6122.029724828746,3159,4,46.067,16331.443087928687
12702,,,,2691.0,11816.243491828862,6123.029724828746,3160,4,46.052,16327.508013357363
12703,,,,2690.0,11817.243491828862,6124.029724828746,3161,4,46.037,16323.572038786038
12704,,,,2689.0,11818.243491828862,6125.029724828746,3162,4,46.024,14143.991083314299
12705,,,,2689.0,11819.243491828862,6126.029724828746,3163,4,46.01,15228.811577380839
12706,,,,2687.0,11820.243491828862,6127.029724828746,3164,4,45.999,11963.256617831801
12707,,,,2683.0,11821.243491828862,6128.029724828746,3165,4,45.984,16310.301601634032
12708,,,,2679.0,11822.243491828862,6129.029724828746,3166,4,45.97,15219.436092669988
12709,,,,2675.0,11823.243491828862,6130.029724828746,3167,4,45.955,16302.77486979614
12710,,,,2674.0,11824.243491828862,6131.029724828746,3168,4,45.94,16298.832835224815
12711,,,,2672.0,11825.243491828862,6132.029724828746,3169,4,45.925,16294.889900653492
12712,,,,2670.0,11826.243491828862,6133.029724828746,3170,4,45.909,17376.819917255874
12713,,,,2669.0,11827.243491828862,6134.029724828746,3171,4,45.894,16286.646514206092
12714,,,,2667.0,11828.243491828862,6135.029724828746,3172,4,45.878,17368.02498771198
12715,,,,2666.0,11829.243491828862,6136.029724828746,3173,4,45.863,16278.39940775869
12716,,,,2664.0,11830.243491828862,6137.029724828746,3174,4,45.849,15189.654075719665
12717,,,,2661.0,11831.243491828862,6138.029724828746,3175,4,45.835,15186.30019626316
12718,,,,2658.0,11832.243491828862,6139.029724828746,3176,4,45.821,15182.94553282207
12719,,,,2654.0,11833.243491828862,6140.029724828746,3177,4,45.808,14095.487482864193
12720,,,,2651.0,11834.243491828862,6141.029724828746,3178,4,45.795,14092.678685563957
12721,,,,2648.0,11835.243491828862,6142.029724828746,3179,4,45.782,14089.86921227142
12722,,,,2646.0,11836.243491828862,6143.029724828746,3180,4,45.769,14087.05906296348
12723,,,,2642.0,11837.243491828862,6144.029724828746,3181,4,45.758,11917.701235838142
12724,,,,2638.0,11838.243491828862,6145.029724828746,3182,4,45.747,11915.843177920817
12725,,,,2634.0,11839.243491828862,6146.029724828746,3183,4,45.738,9748.01871765004
12726,,,,2631.0,11840.243491828862,6147.029724828746,3184,4,45.727,11912.64658078441
12727,,,,2628.0,11841.243491828862,6148.029724828746,3185,4,45.717,10828.10669866583
12728,,,,2625.0,11842.243491828862,6149.029724828746,3186,4,45.709,8661.511627866765
12729,,,,2622.0,11843.243491828862,6150.029724828746,3187,4,45.701,8660.727100707503
12730,,,,2619.0,11844.243491828862,6151.029724828746,3188,4,45.693,8659.942317540548
12731,,,,2615.0,11845.243491828862,6152.029724828746,3189,4,45.685,8659.157278365903
12732,,,,2610.0,11846.243491828862,6153.029724828746,3190,4,45.677,8658.37198320664
12733,,,,2607.0,11847.243491828862,6154.029724828746,3191,4,45.668,9739.678110850335
12734,,,,2603.0,11848.243491828862,6155.029724828746,3192,4,45.659,9738.58080040466
12735,,,,2600.0,11849.243491828862,6156.029724828746,3193,4,45.648,11901.107630587923
12736,,,,2596.0,11850.243491828862,6157.029724828746,3194,4,45.638,10817.61327395643
12737,,,,2591.0,11851.243491828862,6158.029724828746,3195,4,45.626,12979.102632459722
12738,,,,2585.0,11852.243491828862,6159.029724828746,3196,4,45.613,14058.028971360627
12739,,,,2578.0,11853.243491828862,6160.029724828746,3197,4,45.599,15136.212635276852
12740,,,,2574.0,11854.243491828862,6161.029724828746,3198,4,45.586,14052.079506429363
12741,,,,2570.0,11855.243491828862,6162.029724828746,3199,4,45.572,15129.80400718935
12742,,,,2568.0,11856.243491828862,6163.029724828746,3200,4,45.557,16206.714197503701
12743,,,,2565.0,11857.243491828862,6164.029724828746,3201,4,45.542,16202.745372932377
12744,,,,2560.0,11858.243491828862,6165.029724828746,3202,4,45.527,16198.775648361054
12745,,,,2556.0,11859.243491828862,6166.029724828746,3203,4,45.514,14035.806027612663
12746,,,,2555.0,11860.243491828862,6167.029724828746,3204,4,45.5,15112.274816317498
12747,,,,2554.0,11861.243491828862,6168.029724828746,3205,4,45.486,15108.8994048687
12748,,,,2550.0,11862.243491828862,6169.029724828746,3206,4,45.473,14026.711475050373
12749,,,,2546.0,11863.243491828862,6170.029724828746,3207,4,45.458,16181.048909332967
12750,,,,2542.0,11864.243491828862,6171.029724828746,3208,4,45.443,16177.073964761643
12751,,,,2536.0,11865.243491828862,6172.029724828746,3209,4,45.429,15095.057692248078
12752,,,,2531.0,11866.243491828862,6173.029724828746,3210,4,45.411,19402.732058359943
12753,,,,2528.0,11867.243491828862,6174.029724828746,3211,4,45.395,17241.87060030229
12754,,,,2526.0,11868.243491828862,6175.029724828746,3212,4,45.379,17237.246955642127
12755,,,,2524.0,11869.243491828862,6176.029724828746,3213,4,45.364,16155.761432686008
12756,,,,2523.0,11870.243491828862,6177.029724828746,3214,4,45.349,16151.780968114685
12757,,,,2521.0,11871.243491828862,6178.029724828746,3215,4,45.336,13995.068308732483
12758,,,,2518.0,11872.243491828862,6179.029724828746,3216,4,45.321,16144.529673581548
12759,,,,2512.0,11873.243491828862,6180.029724828746,3217,4,45.309,12912.864691973886
12760,,,,2508.0,11874.243491828862,6181.029724828746,3218,4,45.296,13986.255810500983
12761,,,,2502.0,11875.243491828862,6182.029724828746,3219,4,45.287,9681.256630983371
12762,,,,2500.0,11876.243491828862,6183.029724828746,3220,4,45.279,8604.670944643012
12763,,,,2498.0,11877.243491828862,6184.029724828746,3221,4,45.272,7528.473928005546
12764,,,,2494.0,11878.243491828862,6185.029724828746,3222,4,45.264,8603.269222204975
12765,,,,2492.0,11879.243491828862,6186.029724828746,3223,4,45.256,8602.472967045662
12766,,,,2491.0,11880.243491828862,6187.029724828746,3224,4,45.247,9676.779090669253
12767,,,,2490.0,11881.243491828862,6188.029724828746,3225,4,45.239,8600.689588815883
12768,,,,2491.0,11882.243491828862,6189.029724828746,3226,4,45.23,9674.772178160754
12769,,,,2491.0,11883.243491828862,6190.029724828746,3227,4,45.221,9673.661313715078
12770,,,,2490.0,11884.243491828862,6191.029724828746,3228,4,45.211,10747.159074528538
12771,,,,2489.0,11885.243491828862,6192.029724828746,3229,4,45.201,10745.686345830172
12772,,,,2488.0,11886.243491828862,6193.029724828746,3230,4,45.193,8595.560753605896
12773,,,,2485.0,11887.243491828862,6194.029724828746,3231,4,45.183,10743.215178173114
12774,,,,2482.0,11888.243491828862,6195.029724828746,3232,4,45.171,12889.804229528949
12775,,,,2481.0,11889.243491828862,6196.029724828746,3233,4,45.161,10739.79143103671
12776,,,,2479.0,11890.243491828862,6197.029724828746,3234,4,45.15,11812.017579899111
12777,,,,2476.0,11891.243491828862,6198.029724828746,3235,4,45.137,13957.121114905767
12778,,,,2476.0,11892.243491828862,6199.029724828746,3236,4,45.125,12881.012184713969
12779,,,,2476.0,11893.243491828862,6200.029724828746,3237,4,45.114,11805.57839405358
12780,,,,2476.0,11894.243491828862,6201.029724828746,3238,4,45.102,12876.612850306477
12781,,,,2477.0,11895.243491828862,6202.029724828746,3239,4,45.093,9656.02338070228
12782,,,,2478.0,11896.243491828862,6203.029724828746,3240,4,45.081,12872.782327586598
12783,,,,2478.0,11897.243491828862,6204.029724828746,3241,4,45.071,10725.602952759044
12784,,,,2480.0,11898.243491828862,6205.029724828746,3242,4,45.06,11796.406425777666
12785,,,,2480.0,11899.243491828862,6206.029724828746,3243,4,45.05,10722.408310492472
12786,,,,2481.0,11900.243491828862,6207.029724828746,3244,4,45.04,10720.929361786488
12787,,,,2481.0,11901.243491828862,6208.029724828746,3245,4,45.029,11791.26410071624
12788,,,,2480.0,11902.243491828862,6209.029724828746,3246,4,45.019,10717.732219527537
12789,,,,2479.0,11903.243491828862,6210.029724828746,3247,4,45.008,11787.746320223017
12790,,,,2478.0,11904.243491828862,6211.029724828746,3248,4,44.997,11785.855790305608
12791,,,,2478.0,11905.243491828862,6212.029724828746,3249,4,44.985,12855.091438581423
12792,,,,2479.0,11906.243491828862,6213.029724828746,3250,4,44.972,13923.649295325828
12793,,,,2481.0,11907.243491828862,6214.029724828746,3251,4,44.958,14991.457701085477
12794,,,,2481.0,11908.243491828862,6215.029724828746,3252,4,44.946,12847.18467467307
12795,,,,2482.0,11909.243491828862,6216.029724828746,3253,4,44.935,11774.561857175146
12796,,,,2484.0,11910.243491828862,6217.029724828746,3254,4,44.926,9632.397513773465
12797,,,,2486.0,11911.243491828862,6218.029724828746,3255,4,44.919,7491.159700668902
12798,,,,2488.0,11912.243491828862,6219.029724828746,3256,4,44.911,8560.61466296315
12799,,,,2490.0,11913.243491828862,6220.029724828746,3257,4,44.905,6419.9992647728495
12800,,,,2492.0,11914.243491828862,6221.029724828746,3258,4,44.896,9629.198818287878
12801,,,,2493.0,11915.243491828862,6222.029724828746,3259,4,44.889,7488.67095839473
12802,,,,2493.0,11916.243491828862,6223.029724828746,3260,4,44.879,10696.973457750406
12803,,,,2492.0,11917.243491828862,6224.029724828746,3261,4,44.87,9626.0461753337
12804,,,,2490.0,11918.243491828862,6225.029724828746,3262,4,44.863,7486.218202763705
12805,,,,2490.0,11919.243491828862,6226.029724828746,3263,4,44.856,7485.678247901506
12806,,,,2490.0,11920.243491828862,6227.029724828746,3264,4,44.851,5346.6464146101935
12807,,,,2492.0,11921.243491828862,6228.029724828746,3265,4,44.845,6415.727137458733
12808,,,,2493.0,11922.243491828862,6229.029724828746,3266,4,44.839,6415.406911927321
12809,,,,2492.0,11923.243491828862,6230.029724828746,3267,4,44.831,8553.257951293612
12810,,,,2492.0,11924.243491828862,6231.029724828746,3268,4,44.82,11759.22388614842
12811,,,,2491.0,11925.243491828862,6232.029724828746,3269,4,44.811,9619.843494745379
12812,,,,2493.0,11926.243491828862,6233.029724828746,3270,4,44.8,11755.948661012013
12813,,,,2497.0,11927.243491828862,6234.029724828746,3271,4,44.79,10685.61744432735
12814,,,,2501.0,11928.243491828862,6235.029724828746,3272,4,44.777,13888.90080282226
12815,,,,2502.0,11929.243491828862,6236.029724828746,3273,4,44.766,11749.982749880124
12816,,,,2504.0,11930.243491828862,6237.029724828746,3274,4,44.753,13883.785072883358
12817,,,,2506.0,11931.243491828862,6238.029724828746,3275,4,44.742,11745.652999316437
12818,,,,2509.0,11932.243491828862,6239.029724828746,3276,4,44.73,12811.220276411428
12819,,,,2512.0,11933.243491828862,6240.029724828746,3277,4,44.718,12808.857166278198
12820,,,,2515.0,11934.243491828862,6241.029724828746,3278,4,44.707,11739.416966827728
12821,,,,2517.0,11935.243491828862,6242.029724828746,3279,4,44.697,10670.585091432553
12822,,,,2518.0,11936.243491828862,6243.029724828746,3280,4,44.688,9602.29012065447
12823,,,,2520.0,11937.243491828862,6244.029724828746,3281,4,44.68,8534.460611024944
12824,,,,2522.0,11938.243491828862,6245.029724828746,3282,4,44.671,9600.24594814597
12825,,,,2523.0,11939.243491828862,6246.029724828746,3283,4,44.66,11731.990164057175
12826,,,,2524.0,11940.243491828862,6247.029724828746,3284,4,44.648,12796.311189211932
12827,,,,2528.0,11941.243491828862,6248.029724828746,3285,4,44.636,12793.943807093863
12828,,,,2532.0,11942.243491828862,6249.029724828746,3286,4,44.625,11725.742559568465
12829,,,,2538.0,11943.243491828862,6250.029724828746,3287,4,44.618,7460.95615258674
12830,,,,2542.0,11944.243491828862,6251.029724828746,3288,4,44.612,6394.709080655579
12831,,,,2545.0,11945.243491828862,6252.029724828746,3289,4,44.611,1065.7904600765355
12837,,,,2563.0,11951.243491828862,6258.029724828746,3295,4,44.602,9595.856570729116
12838,,,,2564.0,11952.243491828862,6259.029724828746,3296,4,44.59,12792.534018271308
12839,,,,2564.0,11953.243491828862,6260.029724828746,3297,4,44.577,13855.853211672327
12840,,,,2566.0,11954.243491828862,6261.029724828746,3298,4,44.567,10656.490818353801
12841,,,,2569.0,11955.243491828862,6262.029724828746,3299,4,44.559,8524.18425162476
12842,,,,2572.0,11956.243491828862,6263.029724828746,3300,4,44.552,7458.029696600291
12843,,,,2575.0,11957.243491828862,6264.029724828746,3301,4,44.545,7457.481663738092
12844,,,,2578.0,11958.243491828862,6265.029724828746,3302,4,44.541,4261.2483188574715
12845,,,,2579.0,11959.243491828862,6266.029724828746,3303,4,44.533,8522.06123832459
12846,,,,2583.0,11960.243491828862,6267.029724828746,3304,4,44.526,7456.171275969266
12847,,,,2587.0,11961.243491828862,6268.029724828746,3305,4,44.517,9585.58503818662
12848,,,,2590.0,11962.243491828862,6269.029724828746,3306,4,44.507,10649.267646171174
12849,,,,2592.0,11963.243491828862,6270.029724828746,3307,4,44.498,9583.096382912414
12850,,,,2594.0,11964.243491828862,6271.029724828746,3308,4,44.49,8517.392798802213
12851,,,,2597.0,11965.243491828862,6272.029724828746,3309,4,44.483,7452.08526439475
13294,,,,3349.0,12408.243491828862,6715.029724828746,3752,4,44.48,3311.623697290838
13295,,,,3347.0,12409.243491828862,6716.029724828746,3753,4,44.463,18763.160846188966
13296,,,,3347.0,12410.243491828862,6717.029724828746,3754,4,44.447,17654.315981734122
13297,,,,3346.0,12411.243491828862,6718.029724828746,3755,4,44.43,18752.25949299898
13298,,,,3346.0,12412.243491828862,6719.029724828746,3756,4,44.413,18746.596125260698
13299,,,,3344.0,12413.243491828862,6720.029724828746,3757,4,44.397,17638.722472147198
13300,,,,3343.0,12414.243491828862,6721.029724828746,3758,4,44.38,18735.688006055036
13301,,,,3343.0,12415.243491828862,6722.029724828746,3759,4,44.363,18730.02120432459
13302,,,,3344.0,12416.243491828862,6723.029724828746,3760,4,44.346,18724.353246586306
13303,,,,3344.0,12417.243491828862,6724.029724828746,3761,4,44.329,18718.684132840208
13304,,,,3344.0,12418.243491828862,6725.029724828746,3762,4,44.314,16511.855367693413
13305,,,,3344.0,12419.243491828862,6726.029724828746,3763,4,44.3,15407.263798992108
13306,,,,3343.0,12420.243491828862,6727.029724828746,3764,4,44.285,16503.70904585552
13307,,,,3341.0,12421.243491828862,6728.029724828746,3765,4,44.27,16499.448261276382
13308,,,,3339.0,12422.243491828862,6729.029724828746,3766,4,44.256,15395.681383010175
13309,,,,3337.0,12423.243491828862,6730.029724828746,3767,4,44.241,16491.296689446306
13310,,,,3337.0,12424.243491828862,6731.029724828746,3768,4,44.225,17585.96999596818
13311,,,,3335.0,12425.243491828862,6732.029724828746,3769,4,44.208,18679.62648112264
13312,,,,3334.0,12426.243491828862,6733.029724828746,3770,4,44.192,17575.678794840805
13313,,,,3331.0,12427.243491828862,6734.029724828746,3771,4,44.176,17570.73044617299
13314,,,,3327.0,12428.243491828862,6735.029724828746,3772,4,44.158,19761.05629093054
13315,,,,3325.0,12429.243491828862,6736.029724828746,3773,4,44.141,18657.32610844825
13316,,,,3323.0,12430.243491828862,6737.029724828746,3774,4,44.122,20845.481045064716
13317,,,,3320.0,12431.243491828862,6738.029724828746,3775,4,44.105,18645.112432414247
13318,,,,3318.0,12432.243491828862,6739.029724828746,3776,4,44.086,20831.827729967896
13319,,,,3316.0,12433.243491828862,6740.029724828746,3777,4,44.069,18632.89386037246
13320,,,,3314.0,12434.243491828862,6741.029724828746,3778,4,44.051,19722.699657000016
13321,,,,3311.0,12435.243491828862,6742.029724828746,3779,4,44.032,20811.33749733045
13322,,,,3310.0,12436.243491828862,6743.029724828746,3780,4,44.015,18614.556822321465
13323,,,,3308.0,12437.243491828862,6744.029724828746,3781,4,43.998,18608.86489459097
13324,,,,3306.0,12438.243491828862,6745.029724828746,3782,4,43.98,19697.2521466349
13325,,,,3305.0,12439.243491828862,6746.029724828746,3783,4,43.963,18597.054636827917
13326,,,,3303.0,12440.243491828862,6747.029724828746,3784,4,43.946,18591.359207097412
13327,,,,3301.0,12441.243491828862,6748.029724828746,3785,4,43.929,18585.662621351366
13328,,,,3299.0,12442.243491828862,6749.029724828746,3786,4,43.913,17487.224844953533
13329,,,,3297.0,12443.243491828862,6750.029724828746,3787,4,43.896,18574.689052153535
13330,,,,3296.0,12444.243491828862,6751.029724828746,3788,4,43.879,18568.989032423022
13331,,,,3292.0,12445.243491828862,6752.029724828746,3789,4,43.862,18563.287856676987
13332,,,,3289.0,12446.243491828862,6753.029724828746,3790,4,43.845,18557.585524946466
13333,,,,3287.0,12447.243491828862,6754.029724828746,3791,4,43.828,18551.882037200434
13334,,,,3286.0,12448.243491828862,6755.029724828746,3792,4,43.811,18546.177393469912
13335,,,,3286.0,12449.243491828862,6756.029724828746,3793,4,43.794,18540.471593731632
13336,,,,3285.0,12450.243491828862,6757.029724828746,3794,4,43.777,18534.764637985605
13337,,,,3285.0,12451.243491828862,6758.029724828746,3795,4,43.76,18529.056526255077
13338,,,,3285.0,12452.243491828862,6759.029724828746,3796,4,43.744,17433.937832141964
13339,,,,3285.0,12453.243491828862,6760.029724828746,3797,4,43.729,16339.83851941181
13340,,,,3285.0,12454.243491828862,6761.029724828746,3798,4,43.713,17424.38335059807
13341,,,,3284.0,12455.243491828862,6762.029724828746,3799,4,43.697,17419.405337930257
13342,,,,3282.0,12456.243491828862,6763.029724828746,3800,4,43.682,16326.211501088332
13343,,,,3281.0,12457.243491828862,6764.029724828746,3801,4,43.666,17409.844872394093
13344,,,,3281.0,12458.243491828862,6765.029724828746,3802,4,43.651,16317.2467046332
13345,,,,3282.0,12459.243491828862,6766.029724828746,3803,4,43.633,19574.86696093497
13346,,,,3283.0,12460.243491828862,6767.029724828746,3804,4,43.618,16307.53057358402
13347,,,,3285.0,12461.243491828862,6768.029724828746,3805,4,43.601,18476.57233393824
13348,,,,3285.0,12462.243491828862,6769.029724828746,3806,4,43.585,17384.530577255544
13349,,,,3284.0,12463.243491828862,6770.029724828746,3807,4,43.57,16293.509797955785
13350,,,,3283.0,12464.243491828862,6771.029724828746,3808,4,43.554,17374.955999711652
13351,,,,3281.0,12465.243491828862,6772.029724828746,3809,4,43.539,16284.531771508384
13352,,,,3279.0,12466.243491828862,6773.029724828746,3810,4,43.523,17365.37745416776
13353,,,,3277.0,12467.243491828862,6774.029724828746,3811,4,43.506,18445.199475459627
13354,,,,3273.0,12468.243491828862,6775.029724828746,3812,4,43.488,19523.92273790762
13355,,,,3271.0,12469.243491828862,6776.029724828746,3813,4,43.471,18433.320061704348
13356,,,,3271.0,12470.243491828862,6777.029724828746,3814,4,43.454,18427.59056395837
13357,,,,3271.0,12471.243491828862,6778.029724828746,3815,4,43.436,19505.274246090914
13358,,,,3272.0,12472.243491828862,6779.029724828746,3816,4,43.421,16249.524794547307
13359,,,,3272.0,12473.243491828862,6780.029724828746,3817,4,43.403,19493.58407282262
13360,,,,3271.0,12474.243491828862,6781.029724828746,3818,4,43.386,18404.661013005265
13361,,,,3270.0,12475.243491828862,6782.029724828746,3819,4,43.369,18398.92573527468
13362,,,,3268.0,12476.243491828862,6783.029724828746,3820,4,43.352,18393.1893015364
13363,,,,3267.0,12477.243491828862,6784.029724828746,3821,4,43.333,20550.20718969273
13364,,,,3266.0,12478.243491828862,6785.029724828746,3822,4,43.317,17299.836777069628
13365,,,,3267.0,12479.243491828862,6786.029724828746,3823,4,43.3,18375.548770042846
13366,,,,3266.0,12480.243491828862,6787.029724828746,3824,4,43.283,18369.80767829689
13367,,,,3264.0,12481.243491828862,6788.029724828746,3825,4,43.266,18364.06543056629
13368,,,,3262.0,12482.243491828862,6789.029724828746,3826,4,43.249,18358.322026820337
13369,,,,3259.0,12483.243491828862,6790.029724828746,3827,4,43.23,20511.229864673387
13370,,,,3259.0,12484.243491828862,6791.029724828746,3828,4,43.212,19424.933566565138
13371,,,,3258.0,12485.243491828862,6792.029724828746,3829,4,43.193,20496.96181432387
13372,,,,3255.0,12486.243491828862,6793.029724828746,3830,4,43.174,20489.588441515105
13373,,,,3254.0,12487.243491828862,6794.029724828746,3831,4,43.155,20482.213624714004
13374,,,,3254.0,12488.243491828862,6795.029724828746,3832,4,43.136,20474.837363912906
13375,,,,3253.0,12489.243491828862,6796.029724828746,3833,4,43.116,21544.44459314783
13376,,,,3255.0,12490.243491828862,6797.029724828746,3834,4,43.095,22612.724015156076
13377,,,,3257.0,12491.243491828862,6798.029724828746,3835,4,43.075,21527.40903381358
13378,,,,3258.0,12492.243491828862,6799.029724828746,3836,4,43.056,20443.419059705393
13379,,,,3258.0,12493.243491828862,6800.029724828746,3837,4,43.035,22586.672334556664
13380,,,,3258.0,12494.243491828862,6801.029724828746,3838,4,43.016,20427.70078759017
13381,,,,3256.0,12495.243491828862,6802.029724828746,3839,4,42.995,22569.29614749039
13382,,,,3256.0,12496.243491828862,6803.029724828746,3840,4,42.976,20411.97643548259
13383,,,,3258.0,12497.243491828862,6804.029724828746,3841,4,42.957,20404.586874681492
13384,,,,3260.0,12498.243491828862,6805.029724828746,3842,4,42.94,18250.54756070284
13385,,,,3260.0,12499.243491828862,6806.029724828746,3843,4,42.922,19317.780804518105
13386,,,,3260.0,12500.243491828862,6807.029724828746,3844,4,42.906,17165.93437466511
13387,,,,3259.0,12501.243491828862,6808.029724828746,3845,4,42.89,17160.906985997295
13388,,,,3258.0,12502.243491828862,6809.029724828746,3846,4,42.874,17155.87857332948
13389,,,,3256.0,12503.243491828862,6810.029724828746,3847,4,42.859,16079.108614275066
13390,,,,3256.0,12504.243491828862,6811.029724828746,3848,4,42.843,17146.218811785588
13391,,,,3256.0,12505.243491828862,6812.029724828746,3849,4,42.826,18212.298979928502
13392,,,,3256.0,12506.243491828862,6813.029724828746,3850,4,42.81,17135.754682658215
13393,,,,3255.0,12507.243491828862,6814.029724828746,3851,4,42.794,17130.721149998008
13394,,,,3254.0,12508.243491828862,6815.029724828746,3852,4,42.777,18195.829365263507
13395,,,,3253.0,12509.243491828862,6816.029724828746,3853,4,42.762,16050.422685713844
13396,,,,3252.0,12510.243491828862,6817.029724828746,3854,4,42.746,17115.614407986952
13397,,,,3250.0,12511.243491828862,6818.029724828746,3855,4,42.728,19248.948471971173
13398,,,,3248.0,12512.243491828862,6819.029724828746,3856,4,42.713,16035.878942780855
13399,,,,3246.0,12513.243491828862,6820.029724828746,3857,4,42.695,19237.159802702878
13400,,,,3245.0,12514.243491828862,6821.029724828746,3858,4,42.678,18162.43466367761
13401,,,,3243.0,12515.243491828862,6822.029724828746,3859,4,42.661,18156.652193931743
13402,,,,3240.0,12516.243491828862,6823.029724828746,3860,4,42.642,20285.789253084313
13403,,,,3238.0,12517.243491828862,6824.029724828746,3861,4,42.625,18144.232613905333
13404,,,,3236.0,12518.243491828862,6825.029724828746,3862,4,42.607,19205.188727320765
13405,,,,3233.0,12519.243491828862,6826.029724828746,3863,4,42.588,20264.96203643908
13406,,,,3231.0,12520.243491828862,6827.029724828746,3864,4,42.569,20257.54112563798
13407,,,,3229.0,12521.243491828862,6828.029724828746,3865,4,42.55,20250.118770844452
13408,,,,3228.0,12522.243491828862,6829.029724828746,3866,4,42.533,18112.310731255315
13409,,,,3227.0,12523.243491828862,6830.029724828746,3867,4,42.514,20236.22149574006
13410,,,,3228.0,12524.243491828862,6831.029724828746,3868,4,42.497,18099.873879228886
13411,,,,3229.0,12525.243491828862,6832.029724828746,3869,4,42.48,18094.079475490606
13412,,,,3229.0,12526.243491828862,6833.029724828746,3870,4,42.464,17024.467634716697
13413,,,,3228.0,12527.243491828862,6834.029724828746,3871,4,42.447,18082.913126285213
13414,,,,3226.0,12528.243491828862,6835.029724828746,3872,4,42.431,17013.956017596884
13415,,,,3224.0,12529.243491828862,6836.029724828746,3873,4,42.414,18071.742289087386
13416,,,,3224.0,12530.243491828862,6837.029724828746,3874,4,42.398,17003.440176461958
13417,,,,3225.0,12531.243491828862,6838.029724828746,3875,4,42.382,16998.38117180169
13418,,,,3226.0,12532.243491828862,6839.029724828746,3876,4,42.365,18055.190666430004
13419,,,,3225.0,12533.243491828862,6840.029724828746,3877,4,42.349,16987.859026674316
13420,,,,3225.0,12534.243491828862,6841.029724828746,3878,4,42.333,16982.796917998956
13421,,,,3225.0,12535.243491828862,6842.029724828746,3879,4,42.319,14855.868048979692
13422,,,,3226.0,12536.243491828862,6843.029724828746,3880,4,42.303,16973.47194825434
13423,,,,3225.0,12537.243491828862,6844.029724828746,3881,4,42.289,14847.707020446558
13424,,,,3224.0,12538.243491828862,6845.029724828746,3882,4,42.273,16964.143138494648
13425,,,,3222.0,12539.243491828862,6846.029724828746,3883,4,42.257,16959.076037834362
13426,,,,3222.0,12540.243491828862,6847.029724828746,3884,4,42.241,16954.007913159014
13427,,,,3220.0,12541.243491828862,6848.029724828746,3885,4,42.224,18008.03423613771
13428,,,,3220.0,12542.243491828862,6849.029724828746,3886,4,42.207,18002.22072439191
13429,,,,3220.0,12543.243491828862,6850.029724828746,3887,4,42.191,16937.99462757209
13430,,,,3220.0,12544.243491828862,6851.029724828746,3888,4,42.174,17991.0167372016
13431,,,,3219.0,12545.243491828862,6852.029724828746,3889,4,42.158,16927.44758644472
13432,,,,3217.0,12546.243491828862,6853.029724828746,3890,4,42.143,15864.913089070575
13433,,,,3216.0,12547.243491828862,6854.029724828746,3891,4,42.127,16917.69934490083
13434,,,,3215.0,12548.243491828862,6855.029724828746,3892,4,42.113,14798.896444526352
13435,,,,3214.0,12549.243491828862,6856.029724828746,3893,4,42.097,16908.348711148672
13436,,,,3211.0,12550.243491828862,6857.029724828746,3894,4,42.08,17959.51138900171
13437,,,,3207.0,12551.243491828862,6858.029724828746,3895,4,42.063,17953.687779255928
13438,,,,3205.0,12552.243491828862,6859.029724828746,3896,4,42.045,19003.393720994074
13439,,,,3201.0,12553.243491828862,6860.029724828746,3897,4,42.028,17941.610281508154
13440,,,,3199.0,12554.243491828862,6861.029724828746,3898,4,42.01,18990.60326219437
13441,,,,3197.0,12555.243491828862,6862.029724828746,3899,4,41.993,17929.52802374538
13442,,,,3194.0,12556.243491828862,6863.029724828746,3900,4,41.976,17923.6985660146
13443,,,,3192.0,12557.243491828862,6864.029724828746,3901,4,41.958,18971.634154377665
13444,,,,3190.0,12558.243491828862,6865.029724828746,3902,4,41.943,15804.737808119598
13445,,,,3189.0,12559.243491828862,6866.029724828746,3903,4,41.927,16853.50002655313
13446,,,,3187.0,12560.243491828862,6867.029724828746,3904,4,41.91,17901.22327161893
13447,,,,3182.0,12561.243491828862,6868.029724828746,3905,4,41.894,16842.919193425758
13448,,,,3179.0,12562.243491828862,6869.029724828746,3906,4,41.879,15785.652360615286
13449,,,,3176.0,12563.243491828862,6870.029724828746,3907,4,41.862,17884.995745232787
13450,,,,3174.0,12564.243491828862,6871.029724828746,3908,4,41.845,17879.157209501984
13451,,,,3172.0,12565.243491828862,6872.029724828746,3909,4,41.828,17873.317517756237
13452,,,,3171.0,12566.243491828862,6873.029724828746,3910,4,41.811,17867.47667002543
13453,,,,3170.0,12567.243491828862,6874.029724828746,3911,4,41.795,16811.15135004365
13454,,,,3167.0,12568.243491828862,6875.029724828746,3912,4,41.778,17856.218826827593
13455,,,,3166.0,12569.243491828862,6876.029724828746,3913,4,41.763,15750.70755826372
13456,,,,3164.0,12570.243491828862,6877.029724828746,3914,4,41.746,17845.383883901024
13457,,,,3162.0,12571.243491828862,6878.029724828746,3915,4,41.73,16790.353947588104
13458,,,,3160.0,12572.243491828862,6879.029724828746,3916,4,41.715,15736.362872628033
13459,,,,3159.0,12573.243491828862,6880.029724828746,3917,4,41.699,16780.552522044207
13460,,,,3160.0,12574.243491828862,6881.029724828746,3918,4,41.682,17823.70094206281
13461,,,,3160.0,12575.243491828862,6882.029724828746,3919,4,41.667,15722.009547007254
13462,,,,3161.0,12576.243491828862,6883.029724828746,3920,4,41.653,14669.936508351568
13463,,,,3161.0,12577.243491828862,6884.029724828746,3921,4,41.638,15713.567815169361
13464,,,,3161.0,12578.243491828862,6885.029724828746,3922,4,41.625,13614.92974217994
13465,,,,3161.0,12579.243491828862,6886.029724828746,3923,4,41.613,12564.852837274686
13466,,,,3161.0,12580.243491828862,6887.029724828746,3924,4,41.599,14655.58110019192
13467,,,,3159.0,12581.243491828862,6888.029724828746,3925,4,41.587,12558.999853328349
13468,,,,3157.0,12582.243491828862,6889.029724828746,3926,4,41.573,14648.751162929868
13469,,,,3153.0,12583.243491828862,6890.029724828746,3927,4,41.559,14644.982771481069
13470,,,,3152.0,12584.243491828862,6891.029724828746,3928,4,41.543,16732.41284252555
13471,,,,3150.0,12585.243491828862,6892.029724828746,3929,4,41.528,15682.031431646325
13472,,,,3150.0,12586.243491828862,6893.029724828746,3930,4,41.512,16722.58655298166
13473,,,,3150.0,12587.243491828862,6894.029724828746,3931,4,41.498,14628.139151597023
13474,,,,3149.0,12588.243491828862,6895.029724828746,3932,4,41.484,14624.366700140803
13475,,,,3149.0,12589.243491828862,6896.029724828746,3933,4,41.472,12532.239397298335
13476,,,,3147.0,12590.243491828862,6897.029724828746,3934,4,41.459,13573.579279269214
13477,,,,3144.0,12591.243491828862,6898.029724828746,3935,4,41.444,15657.777888046916
13478,,,,3141.0,12592.243491828862,6899.029724828746,3936,4,41.43,14609.974219988577
13479,,,,3137.0,12593.243491828862,6900.029724828746,3937,4,41.414,16692.394621391286
13480,,,,3136.0,12594.243491828862,6901.029724828746,3938,4,41.399,15644.506294332947
13481,,,,3133.0,12595.243491828862,6902.029724828746,3939,4,41.384,15640.080629761624
13482,,,,3131.0,12596.243491828862,6903.029724828746,3940,4,41.368,16677.829462971316
13483,,,,3129.0,12597.243491828862,6904.029724828746,3941,4,41.351,17714.533534813196
13484,,,,3128.0,12598.243491828862,6905.029724828746,3942,4,41.336,15625.664394133388
13485,,,,3127.0,12599.243491828862,6906.029724828746,3943,4,41.319,17703.638003886685
13486,,,,3126.0,12600.243491828862,6907.029724828746,3944,4,41.303,16656.91708451571
13487,,,,3124.0,12601.243491828862,6908.029724828746,3945,4,41.287,16651.787199840495
13488,,,,3121.0,12602.243491828862,6909.029724828746,3946,4,41.271,16646.65629117268
13489,,,,3120.0,12603.243491828862,6910.029724828746,3947,4,41.255,16641.524358504867
13490,,,,3119.0,12604.243491828862,6911.029724828746,3948,4,41.24,15596.806002876921
13491,,,,3117.0,12605.243491828862,6912.029724828746,3949,4,41.225,15592.371068305598
13492,,,,3116.0,12606.243491828862,6913.029724828746,3950,4,41.209,16626.929216084896
13493,,,,3116.0,12607.243491828862,6914.029724828746,3951,4,41.192,17660.44100649636
13494,,,,3115.0,12608.243491828862,6915.029724828746,3952,4,41.177,15577.926122677363
13495,,,,3115.0,12609.243491828862,6916.029724828746,3953,4,41.159,18687.504098578687
13496,,,,3115.0,12610.243491828862,6917.029724828746,3954,4,41.144,15567.913051620451
13497,,,,3113.0,12611.243491828862,6918.029724828746,3955,4,41.129,15563.472537049129
13498,,,,3112.0,12612.243491828862,6919.029724828746,3956,4,41.113,16596.098068078
13499,,,,3111.0,12613.243491828862,6920.029724828746,3957,4,41.098,15554.210410601727
13500,,,,3109.0,12614.243491828862,6921.029724828746,3958,4,41.081,17622.640570550826
13501,,,,3107.0,12615.243491828862,6922.029724828746,3959,4,41.066,15544.566106849572
13502,,,,3107.0,12616.243491828862,6923.029724828746,3960,4,41.05,16575.927209205838
13503,,,,3105.0,12617.243491828862,6924.029724828746,3961,4,41.035,15535.296480402169
13504,,,,3103.0,12618.243491828862,6925.029724828746,3962,4,41.02,15530.84954582349
13505,,,,3101.0,12619.243491828862,6926.029724828746,3963,4,41.005,15526.401711259525
13506,,,,3097.0,12620.243491828862,6927.029724828746,3964,4,40.988,17591.117618637025
13507,,,,3094.0,12621.243491828862,6928.029724828746,3965,4,40.973,15516.746067507367
13508,,,,3091.0,12622.243491828862,6929.029724828746,3966,4,40.956,17580.172379710562
13509,,,,3090.0,12623.243491828862,6930.029724828746,3967,4,40.939,17574.268937979636
13510,,,,3089.0,12624.243491828862,6931.029724828746,3968,4,40.922,17568.364340241355
13511,,,,3085.0,12625.243491828862,6932.029724828746,3969,4,40.905,17562.458586495737
13512,,,,3083.0,12626.243491828862,6933.029724828746,3970,4,40.89,15491.453796212714
13513,,,,3081.0,12627.243491828862,6934.029724828746,3971,4,40.872,18583.71628282111
13514,,,,3078.0,12628.243491828862,6935.029724828746,3972,4,40.855,17545.163749566964
13515,,,,3076.0,12629.243491828862,6936.029724828746,3973,4,40.84,15476.190705967638
13516,,,,3074.0,12630.243491828862,6937.029724828746,3974,4,40.824,16502.979272272907
13517,,,,3072.0,12631.243491828862,6938.029724828746,3975,4,40.807,17528.71763718097
13518,,,,3070.0,12632.243491828862,6939.029724828746,3976,4,40.79,17522.80392745002
13519,,,,3068.0,12633.243491828862,6940.029724828746,3977,4,40.774,16486.685954678655
13520,,,,3067.0,12634.243491828862,6941.029724828746,3978,4,40.758,16481.522246010838
13521,,,,3067.0,12635.243491828862,6942.029724828746,3979,4,40.744,14417.166610997489
13522,,,,3067.0,12636.243491828862,6943.029724828746,3980,4,40.728,16472.000476258683
13523,,,,3068.0,12637.243491828862,6944.029724828746,3981,4,40.712,16466.833759590867
13524,,,,3067.0,12638.243491828862,6945.029724828746,3982,4,40.698,14404.311637380011
13525,,,,3067.0,12639.243491828862,6946.029724828746,3983,4,40.684,14400.496793931212
13526,,,,3067.0,12640.243491828862,6947.029724828746,3984,4,40.67,14396.681166475108
13527,,,,3065.0,12641.243491828862,6948.029724828746,3985,4,40.655,15420.736904595318
13528,,,,3062.0,12642.243491828862,6949.029724828746,3986,4,40.639,16443.81667879396
13529,,,,3060.0,12643.243491828862,6950.029724828746,3987,4,40.624,15411.418438147917
13530,,,,3058.0,12644.243491828862,6951.029724828746,3988,4,40.607,17460.77723244385
13531,,,,3056.0,12645.243491828862,6952.029724828746,3989,4,40.589,18481.37743012635
13532,,,,3055.0,12646.243491828862,6953.029724828746,3990,4,40.572,17448.49005668128
13533,,,,3054.0,12647.243491828862,6954.029724828746,3991,4,40.555,17442.55968695029
13534,,,,3052.0,12648.243491828862,6955.029724828746,3992,4,40.536,19487.5155469203
13535,,,,3051.0,12649.243491828862,6956.029724828746,3993,4,40.519,17429.835330916292
13536,,,,3049.0,12650.243491828862,6957.029724828746,3994,4,40.5,19473.29147182348
13537,,,,3049.0,12651.243491828862,6958.029724828746,3995,4,40.483,17417.10607888229
13538,,,,3049.0,12652.243491828862,6959.029724828746,3996,4,40.466,17411.169793136734
13539,,,,3048.0,12653.243491828862,6960.029724828746,3997,4,40.449,17405.232351405735
13540,,,,3047.0,12654.243491828862,6961.029724828746,3998,4,40.433,16376.008353695828
13541,,,,3045.0,12655.243491828862,6962.029724828746,3999,4,40.416,17393.7842782079
13542,,,,3045.0,12656.243491828862,6963.029724828746,4000,4,40.399,17387.843402462353
13543,,,,3044.0,12657.243491828862,6964.029724828746,4001,4,40.383,16359.639100108905
13544,,,,3042.0,12658.243491828862,6965.029724828746,4002,4,40.367,16354.45059144835
13545,,,,3040.0,12659.243491828862,6966.029724828746,4003,4,40.35,17370.874667804972
13546,,,,3036.0,12660.243491828862,6967.029724828746,4004,4,40.334,16343.66537431372
13547,,,,3034.0,12661.243491828862,6968.029724828746,4005,4,40.317,17359.4131306144
13548,,,,3032.0,12662.243491828862,6969.029724828746,4006,4,40.301,16332.87593318635
13549,,,,3028.0,12663.243491828862,6970.029724828746,4007,4,40.283,18368.18664382036
13550,,,,3025.0,12664.243491828862,6971.029724828746,4008,4,40.267,16321.67701226724
13551,,,,3022.0,12665.243491828862,6972.029724828746,4009,4,40.249,18355.585409786363
13552,,,,3020.0,12666.243491828862,6973.029724828746,4010,4,40.235,14272.019176751914
13553,,,,3019.0,12667.243491828862,6974.029724828746,4011,4,40.217,18343.891321283776
13554,,,,3017.0,12668.243491828862,6975.029724828746,4012,4,40.201,16300.0768820125
13555,,,,3015.0,12669.243491828862,6976.029724828746,4013,4,40.184,17313.09134754434
13556,,,,3013.0,12670.243491828862,6977.029724828746,4014,4,40.166,18324.973162232774
13557,,,,3010.0,12671.243491828862,6978.029724828746,4015,4,40.151,15265.743952991628
13558,,,,3006.0,12672.243491828862,6979.029724828746,4016,4,40.135,16278.459855764988
13559,,,,3002.0,12673.243491828862,6980.029724828746,4017,4,40.121,14239.453615518762
13560,,,,3002.0,12674.243491828862,6981.029724828746,4018,4,40.105,16268.86173401283
13561,,,,3000.0,12675.243491828862,6982.029724828746,4019,4,40.089,16263.655625337788
13562,,,,2997.0,12676.243491828862,6983.029724828746,4020,4,40.073,16258.448492669973
13563,,,,2994.0,12677.243491828862,6984.029724828746,4021,4,40.058,15237.602973656656
13564,,,,2991.0,12678.243491828862,6985.029724828746,4022,4,40.04,18279.03504975384
13565,,,,2988.0,12679.243491828862,6986.029724828746,4023,4,40.023,17257.350618662847
13566,,,,2988.0,12680.243491828862,6987.029724828746,4024,4,40.006,17251.382508931783
13567,,,,2987.0,12681.243491828862,6988.029724828746,4025,4,39.988,18259.621053937135
13568,,,,2984.0,12682.243491828862,6989.029724828746,4026,4,39.971,17239.011625176503
13569,,,,2981.0,12683.243491828862,6990.029724828746,4027,4,39.955,16219.53470924483
13570,,,,2979.0,12684.243491828862,6991.029724828746,4028,4,39.938,17227.49850997147
13571,,,,2976.0,12685.243491828862,6992.029724828746,4029,4,39.923,15195.843457514748
13572,,,,2974.0,12686.243491828862,6993.029724828746,4030,4,39.907,16203.88508724858
13573,,,,2971.0,12687.243491828862,6994.029724828746,4031,4,39.89,17210.867471592806
13574,,,,2967.0,12688.243491828862,6995.029724828746,4032,4,39.873,17204.890215861724
13575,,,,2964.0,12689.243491828862,6996.029724828746,4033,4,39.858,15175.891092705679
13576,,,,2960.0,12690.243491828862,6997.029724828746,4034,4,39.839,19216.112375795743
13577,,,,2956.0,12691.243491828862,6998.029724828746,4035,4,39.822,17186.951512639705
13578,,,,2952.0,12692.243491828862,6999.029724828746,4036,4,39.807,15160.059855163183
13579,,,,2948.0,12693.243491828862,7000.029724828746,4037,4,39.789,18185.96536156167
13580,,,,2946.0,12694.243491828862,7001.029724828746,4038,4,39.773,16159.670411148427
13581,,,,2944.0,12695.243491828862,7002.029724828746,4039,4,39.756,17163.880334251222
13582,,,,2942.0,12696.243491828862,7003.029724828746,4040,4,39.739,17157.893898512943
13583,,,,2939.0,12697.243491828862,7004.029724828746,4041,4,39.723,16143.173797561501
13584,,,,2935.0,12698.243491828862,7005.029724828746,4042,4,39.706,17146.34929930794
13585,,,,2932.0,12699.243491828862,7006.029724828746,4043,4,39.69,16132.306180441297
13586,,,,2930.0,12700.243491828862,7007.029724828746,4044,4,39.672,18142.501031974083
13587,,,,2929.0,12701.243491828862,7008.029724828746,4045,4,39.656,16121.027899515022
13588,,,,2928.0,12702.243491828862,7009.029724828746,4046,4,39.64,16115.793598847207
13589,,,,2927.0,12703.243491828862,7010.029724828746,4047,4,39.624,16110.558274179393
13590,,,,2927.0,12704.243491828862,7011.029724828746,4048,4,39.607,17111.688573721607
13591,,,,2927.0,12705.243491828862,7012.029724828746,4049,4,39.591,16099.677985052022
13592,,,,2928.0,12706.243491828862,7013.029724828746,4050,4,39.575,16094.439556384206
13593,,,,2929.0,12707.243491828862,7014.029724828746,4051,4,39.56,15083.815705888726
13594,,,,2930.0,12708.243491828862,7015.029724828746,4052,4,39.544,16084.366290847456
13595,,,,2931.0,12709.243491828862,7016.029724828746,4053,4,39.53,14069.590078216028
13596,,,,2932.0,12710.243491828862,7017.029724828746,4054,4,39.516,14065.71469877437
13597,,,,2934.0,12711.243491828862,7018.029724828746,4055,4,39.503,13057.586743248838
13598,,,,2935.0,12712.243491828862,7019.029724828746,4056,4,39.49,13054.317251948602
13599,,,,2932.0,12713.243491828862,7020.029724828746,4057,4,39.479,11043.473378371364
13600,,,,2930.0,12714.243491828862,7021.029724828746,4058,4,39.466,13048.4373820097
13601,,,,2931.0,12715.243491828862,7022.029724828746,4059,4,39.456,10035.124468619179
13602,,,,2931.0,12716.243491828862,7023.029724828746,4060,4,39.445,11036.567605239474
13603,,,,2934.0,12717.243491828862,7024.029724828746,4061,4,39.432,13040.274193762925
13604,,,,2937.0,12718.243491828862,7025.029724828746,4062,4,39.419,13037.000828469812
13605,,,,2939.0,12719.243491828862,7026.029724828746,4063,4,39.408,11028.817874029999
13606,,,,2940.0,12720.243491828862,7027.029724828746,4064,4,39.397,11026.6066721121
13607,,,,2941.0,12721.243491828862,7028.029724828746,4065,4,39.387,10022.304472600455
13608,,,,2942.0,12722.243491828862,7029.029724828746,4066,4,39.379,8016.641847021814
13609,,,,2943.0,12723.243491828862,7030.029724828746,4067,4,39.372,7013.777037572995
13610,,,,2944.0,12724.243491828862,7031.029724828746,4068,4,39.365,7013.081318710797
13611,,,,2945.0,12725.243491828862,7032.029724828746,4069,4,39.359,6010.69241190464
13612,,,,2944.0,12726.243491828862,7033.029724828746,4070,4,39.35,9015.029090985563
13613,,,,2943.0,12727.243491828862,7034.029724828746,4071,4,39.34,10015.06790371814
13614,,,,2945.0,12728.243491828862,7035.029724828746,4072,4,39.328,12015.66550818277
13615,,,,2949.0,12729.243491828862,7036.029724828746,4073,4,39.316,12012.943502057124
13616,,,,2955.0,12730.243491828862,7037.029724828746,4074,4,39.304,12010.220919931477
13617,,,,2959.0,12731.243491828862,7038.029724828746,4075,4,39.293,11007.01299200279
13618,,,,2963.0,12732.243491828862,7039.029724828746,4076,4,39.281,12005.079601523987
13619,,,,2965.0,12733.243491828862,7040.029724828746,4077,4,39.27,11002.299104788817
13620,,,,2966.0,12734.243491828862,7041.029724828746,4078,4,39.259,11000.081478870901
13621,,,,2968.0,12735.243491828862,7042.029724828746,4079,4,39.252,6998.996912506727
13622,,,,2972.0,12736.243491828862,7043.029724828746,4080,4,39.247,4998.9118893279265
13660,,,,3048.0,12774.243491828862,7081.029724828746,4118,4,39.244,3007.9894377515316
13661,,,,3050.0,12775.243491828862,7082.029724828746,4119,4,39.236,8020.8088739125105
13662,,,,3049.0,12776.243491828862,7083.029724828746,4120,4,39.232,4010.105097265086
13762,,,,3213.0,12876.243491828862,7183.029724828746,4220,4,39.222,10101.928069077405
13763,,,,3211.0,12877.243491828862,7184.029724828746,4221,4,39.208,14139.470898900854
13764,,,,3207.0,12878.243491828862,7185.029724828746,4222,4,39.192,16154.468636148345
13765,,,,3205.0,12879.243491828862,7186.029724828746,4223,4,39.176,16149.12886348053
13766,,,,3203.0,12880.243491828862,7187.029724828746,4224,4,39.16,16143.788066819883
13767,,,,3203.0,12881.243491828862,7188.029724828746,4225,4,39.144,16138.446246144897
13768,,,,3203.0,12882.243491828862,7189.029724828746,4226,4,39.128,16133.103401477081
13769,,,,3201.0,12883.243491828862,7190.029724828746,4227,4,39.112,16127.759532809267
13770,,,,3199.0,12884.243491828862,7191.029724828746,4228,4,39.096,16122.41464014861
13771,,,,3196.0,12885.243491828862,7192.029724828746,4229,4,39.081,15109.945206903989
13772,,,,3194.0,12886.243491828862,7193.029724828746,4230,4,39.065,16112.134142604713
13773,,,,3191.0,12887.243491828862,7194.029724828746,4231,4,39.05,15100.305380463744
13774,,,,3187.0,12888.243491828862,7195.029724828746,4232,4,39.034,16101.849677053664
13775,,,,3184.0,12889.243491828862,7196.029724828746,4233,4,39.019,15090.661834016344
13776,,,,3181.0,12890.243491828862,7197.029724828746,4234,4,39.008,11063.657318301892
13777,,,,3179.0,12891.243491828862,7198.029724828746,4235,4,38.993,15082.948254092718
13778,,,,3176.0,12892.243491828862,7199.029724828746,4236,4,38.979,14073.276133631234
13779,,,,3169.0,12893.243491828862,7200.029724828746,4237,4,38.965,14069.313590175296
13780,,,,3164.0,12894.243491828862,7201.029724828746,4238,4,38.952,13060.850011992037
13781,,,,3157.0,12895.243491828862,7202.029724828746,4239,4,38.938,14061.747218095476
13782,,,,3151.0,12896.243491828862,7203.029724828746,4240,4,38.924,14057.782350653815
13783,,,,3144.0,12897.243491828862,7204.029724828746,4241,4,38.91,14053.816699205016
13784,,,,3139.0,12898.243491828862,7205.029724828746,4242,4,38.896,14049.850263749087
13785,,,,3136.0,12899.243491828862,7206.029724828746,4243,4,38.883,13042.77337416056
13786,,,,3131.0,12900.243491828862,7207.029724828746,4244,4,38.872,11033.642759781478
13787,,,,3126.0,12901.243491828862,7208.029724828746,4245,4,38.86,12034.073509282549
13788,,,,3121.0,12902.243491828862,7209.029724828746,4246,4,38.849,11028.82483457461
13789,,,,3114.0,12903.243491828862,7210.029724828746,4247,4,38.837,12028.816486867936
13790,,,,3110.0,12904.243491828862,7211.029724828746,4248,4,38.824,13028.033899651216
13791,,,,3108.0,12905.243491828862,7212.029724828746,4249,4,38.812,12022.937804779962
13792,,,,3108.0,12906.243491828862,7213.029724828746,4250,4,38.801,11018.61503744012
13793,,,,3109.0,12907.243491828862,7214.029724828746,4251,4,38.791,10014.988370184974
13794,,,,3109.0,12908.243491828862,7215.029724828746,4252,4,38.784,7009.498922148261
13795,,,,3107.0,12909.243491828862,7216.029724828746,4253,4,38.776,8009.927401805533
13796,,,,3104.0,12910.243491828862,7217.029724828746,4254,4,38.77,6006.826450904394
13797,,,,3099.0,12911.243491828862,7218.029724828746,4255,4,38.765,5005.366320697315
13798,,,,3097.0,12912.243491828862,7219.029724828746,4256,4,38.757,8007.86351979113
13799,,,,3096.0,12913.243491828862,7220.029724828746,4257,4,38.75,7006.067343246152
13800,,,,3096.0,12914.243491828862,7221.029724828746,4258,4,38.741,9006.638781828135
13801,,,,3094.0,12915.243491828862,7222.029724828746,4259,4,38.73,11006.125114112998
13802,,,,3092.0,12916.243491828862,7223.029724828746,4260,4,38.721,9003.383772171075
13803,,,,3091.0,12917.243491828862,7224.029724828746,4261,4,38.712,9001.988237718293
13804,,,,3088.0,12918.243491828862,7225.029724828746,4262,4,38.703,9000.592379279724
13805,,,,3086.0,12919.243491828862,7226.029724828746,4263,4,38.692,10998.733350553828
13806,,,,3083.0,12920.243491828862,7227.029724828746,4264,4,38.681,10996.457996628804
13807,,,,3082.0,12921.243491828862,7228.029724828746,4265,4,38.667,13992.052782479499
13808,,,,3081.0,12922.243491828862,7229.029724828746,4266,4,38.653,13988.070135037802
13809,,,,3085.0,12923.243491828862,7230.029724828746,4267,4,38.639,13984.086703581908
13810,,,,3086.0,12924.243491828862,7231.029724828746,4268,4,38.626,12981.691754155263
13811,,,,3085.0,12925.243491828862,7232.029724828746,4269,4,38.613,12978.32746684793
13812,,,,3083.0,12926.243491828862,7233.029724828746,4270,4,38.602,10979.098803440002
13813,,,,3081.0,12927.243491828862,7234.029724828746,4271,4,38.591,10976.819775507887
13814,,,,3079.0,12928.243491828862,7235.029724828746,4272,4,38.58,10974.540263589955
13815,,,,3079.0,12929.243491828862,7236.029724828746,4273,4,38.568,11969.583322891809
13816,,,,3078.0,12930.243491828862,7237.029724828746,4274,4,38.558,9972.579595505944
13817,,,,3078.0,12931.243491828862,7238.029724828746,4275,4,38.547,10967.698823814884
13818,,,,3077.0,12932.243491828862,7239.029724828746,4276,4,38.535,11962.11831404628
13819,,,,3079.0,12933.243491828862,7240.029724828746,4277,4,38.522,12955.760268746266
13820,,,,3079.0,12934.243491828862,7241.029724828746,4278,4,38.509,12952.390235446028
13821,,,,3080.0,12935.243491828862,7242.029724828746,4279,4,38.496,12949.019526145792
13822,,,,3081.0,12936.243491828862,7243.029724828746,4280,4,38.481,14936.89822905822
13823,,,,3083.0,12937.243491828862,7244.029724828746,4281,4,38.469,11946.250640355223
13824,,,,3084.0,12938.243491828862,7245.029724828746,4282,4,38.456,12938.56694791429
13825,,,,3085.0,12939.243491828862,7246.029724828746,4283,4,38.445,10945.448401419217
13826,,,,3086.0,12940.243491828862,7247.029724828746,4284,4,38.433,11937.840469978284
13827,,,,3086.0,12941.243491828862,7248.029724828746,4285,4,38.421,11935.035927852636
13828,,,,3085.0,12942.243491828862,7249.029724828746,4286,4,38.41,10938.020606930506
13829,,,,3084.0,12943.243491828862,7250.029724828746,4287,4,38.398,11929.735753438083
13830,,,,3084.0,12944.243491828862,7251.029724828746,4288,4,38.387,10933.16110172364
13831,,,,3083.0,12945.243491828862,7252.029724828746,4289,4,38.374,12917.967863789714
13832,,,,3081.0,12946.243491828862,7253.029724828746,4290,4,38.36,13907.838673430822
13833,,,,3081.0,12947.243491828862,7254.029724828746,4291,4,38.346,13903.837629982023
13834,,,,3081.0,12948.243491828862,7255.029724828746,4292,4,38.332,13899.835802526171
13835,,,,3082.0,12949.243491828862,7256.029724828746,4293,4,38.318,13895.833191084428
13836,,,,3083.0,12950.243491828862,7257.029724828746,4294,4,38.304,13891.82979562858
13837,,,,3083.0,12951.243491828862,7258.029724828746,4295,4,38.291,12896.0064383414
13838,,,,3082.0,12952.243491828862,7259.029724828746,4296,4,38.278,12892.624315034112
13839,,,,3080.0,12953.243491828862,7260.029724828746,4297,4,38.265,12889.241515733875
13840,,,,3079.0,12954.243491828862,7261.029724828746,4298,4,38.252,12885.858040433639
13841,,,,3079.0,12955.243491828862,7262.029724828746,4299,4,38.239,12882.473889140441
13842,,,,3080.0,12956.243491828862,7263.029724828746,4300,4,38.226,12879.089061833161
13843,,,,3080.0,12957.243491828862,7264.029724828746,4301,4,38.211,14856.192311774403
13844,,,,3079.0,12958.243491828862,7265.029724828746,4302,4,38.199,11881.672622528169
13845,,,,3079.0,12959.243491828862,7266.029724828746,4303,4,38.184,14847.988434546021
13846,,,,3079.0,12960.243491828862,7267.029724828746,4304,4,38.172,11875.108224745463
13847,,,,3079.0,12961.243491828862,7268.029724828746,4305,4,38.159,12861.480800670399
13848,,,,3079.0,12962.243491828862,7269.029724828746,4306,4,38.146,12858.091865370161
13849,,,,3077.0,12963.243491828862,7270.029724828746,4307,4,38.132,13843.344018978973
13850,,,,3075.0,12964.243491828862,7271.029724828746,4308,4,38.119,12850.974896438898
13851,,,,3074.0,12965.243491828862,7272.029724828746,4309,4,38.105,13835.67807889915
13852,,,,3074.0,12966.243491828862,7273.029724828746,4310,4,38.091,13831.662447443332
13853,,,,3076.0,12967.243491828862,7274.029724828746,4311,4,38.076,14815.140525632496
13854,,,,3078.0,12968.243491828862,7275.029724828746,4312,4,38.062,13823.265721734984
13855,,,,3079.0,12969.243491828862,7276.029724828746,4313,4,38.048,13819.247710279173
13856,,,,3079.0,12970.243491828862,7277.029724828746,4314,4,38.034,13815.22891483739
13857,,,,3080.0,12971.243491828862,7278.029724828746,4315,4,38.019,14797.529719261467
13858,,,,3082.0,12972.243491828862,7279.029724828746,4316,4,38.007,11834.733404517821
13859,,,,3085.0,12973.243491828862,7280.029724828746,4317,4,37.993,13803.531075301762
13860,,,,3085.0,12974.243491828862,7281.029724828746,4318,4,37.978,14784.993784766519
13861,,,,3085.0,12975.243491828862,7282.029724828746,4319,4,37.966,11824.702700921862
13862,,,,3085.0,12976.243491828862,7283.029724828746,4320,4,37.951,14776.762157538136
13863,,,,3087.0,12977.243491828862,7284.029724828746,4321,4,37.939,11818.116103139157
13864,,,,3091.0,12978.243491828862,7285.029724828746,4322,4,37.926,12799.72775259691
13865,,,,3092.0,12979.243491828862,7286.029724828746,4323,4,37.911,14764.603330347942
13866,,,,3094.0,12980.243491828862,7287.029724828746,4324,4,37.899,11808.387109387
13867,,,,3096.0,12981.243491828862,7288.029724828746,4325,4,37.884,14756.36363311956
13868,,,,3098.0,12982.243491828862,7289.029724828746,4326,4,37.871,12785.108124403596
13869,,,,3104.0,12983.243491828862,7290.029724828746,4327,4,37.857,13764.730884091876
13870,,,,3107.0,12984.243491828862,7291.029724828746,4328,4,37.844,12777.962815472332
13871,,,,3111.0,12985.243491828862,7292.029724828746,4329,4,37.831,12774.557916172096
13872,,,,3115.0,12986.243491828862,7293.029724828746,4330,4,37.82,10806.645370406535
13873,,,,3116.0,12987.243491828862,7294.029724828746,4331,4,37.807,12768.421426233195
13874,,,,3116.0,12988.243491828862,7295.029724828746,4332,4,37.794,12765.014550939934
13875,,,,3117.0,12989.243491828862,7296.029724828746,4333,4,37.781,12761.606999632719
13876,,,,3122.0,12990.243491828862,7297.029724828746,4334,4,37.767,13739.416814485488
13877,,,,3125.0,12991.243491828862,7298.029724828746,4335,4,37.753,13735.381919043664
13878,,,,3126.0,12992.243491828862,7299.029724828746,4336,4,37.741,11770.037162065983
13879,,,,3127.0,12993.243491828862,7300.029724828746,4337,4,37.729,11767.201035940336
13880,,,,3127.0,12994.243491828862,7301.029724828746,4338,4,37.718,10784.143576003898
13881,,,,3127.0,12995.243491828862,7302.029724828746,4339,4,37.705,12741.823248499833
13882,,,,3126.0,12996.243491828862,7303.029724828746,4340,4,37.692,12738.411017192631
13883,,,,3125.0,12997.243491828862,7304.029724828746,4341,4,37.679,12734.998109892394
13884,,,,3124.0,12998.243491828862,7305.029724828746,4342,4,37.666,12731.584526599114
13885,,,,3122.0,12999.243491828862,7306.029724828746,4343,4,37.653,12728.170267291916
13886,,,,3119.0,13000.243491828862,7307.029724828746,4344,4,37.638,14682.019991149858
13887,,,,3118.0,13001.243491828862,7308.029724828746,4345,4,37.624,13698.994227544217
13888,,,,3119.0,13002.243491828862,7309.029724828746,4346,4,37.607,16628.92026227716
13889,,,,3121.0,13003.243491828862,7310.029724828746,4347,4,37.591,15645.086465575025
13890,,,,3120.0,13004.243491828862,7311.029724828746,4348,4,37.575,15639.63146090721
13891,,,,3118.0,13005.243491828862,7312.029724828746,4349,4,37.561,13680.267650031581
13892,,,,3118.0,13006.243491828862,7313.029724828746,4350,4,37.545,15629.550779155055
13893,,,,3119.0,13007.243491828862,7314.029724828746,4351,4,37.53,14647.782077236332
13894,,,,3119.0,13008.243491828862,7315.029724828746,4352,4,37.514,15619.049993611163
13895,,,,3117.0,13009.243491828862,7316.029724828746,4353,4,37.498,15613.589964950279
13896,,,,3114.0,13010.243491828862,7317.029724828746,4354,4,37.484,13657.47708505626
13897,,,,3112.0,13011.243491828862,7318.029724828746,4355,4,37.468,15603.499555191192
13898,,,,3110.0,13012.243491828862,7319.029724828746,4356,4,37.452,15598.036518530304
13899,,,,3110.0,13013.243491828862,7320.029724828746,4357,4,37.436,15592.57245785556
13900,,,,3109.0,13014.243491828862,7321.029724828746,4358,4,37.421,14613.10837601805
13901,,,,3108.0,13015.243491828862,7322.029724828746,4359,4,37.403,17529.346422587514
13902,,,,3106.0,13016.243491828862,7323.029724828746,4360,4,37.388,14602.468004961138
13903,,,,3105.0,13017.243491828862,7324.029724828746,4361,4,37.37,17516.57560131922
13904,,,,3103.0,13018.243491828862,7325.029724828746,4362,4,37.353,16536.957543474797
13905,,,,3103.0,13019.243491828862,7326.029724828746,4363,4,37.336,16530.70271174343
13906,,,,3102.0,13020.243491828862,7327.029724828746,4364,4,37.318,17496.238637502516
13907,,,,3102.0,13021.243491828862,7328.029724828746,4365,4,37.301,16517.746857981245
13908,,,,3103.0,13022.243491828862,7329.029724828746,4366,4,37.283,17482.51815470281
13909,,,,3104.0,13023.243491828862,7330.029724828746,4367,4,37.268,14563.437383390554
13910,,,,3104.0,13024.243491828862,7331.029724828746,4368,4,37.253,14558.694738819231
13911,,,,3105.0,13025.243491828862,7332.029724828746,4369,4,37.239,13583.87013470923
13912,,,,3105.0,13026.243491828862,7333.029724828746,4370,4,37.226,12609.98988104565
13913,,,,3104.0,13027.243491828862,7334.029724828746,4371,4,37.213,12606.554717745414
13914,,,,3099.0,13028.243491828862,7335.029724828746,4372,4,37.202,10664.464133891592
13915,,,,3096.0,13029.243491828862,7336.029724828746,4373,4,37.191,10662.129621959682
13916,,,,3093.0,13030.243491828862,7337.029724828746,4374,4,37.178,12597.600317174736
13917,,,,3091.0,13031.243491828862,7338.029724828746,4375,4,37.166,11625.53719387874
13918,,,,3089.0,13032.243491828862,7339.029724828746,4376,4,37.152,13559.42380555625
13919,,,,3086.0,13033.243491828862,7340.029724828746,4377,4,37.139,12587.284999267138
13920,,,,3084.0,13034.243491828862,7341.029724828746,4378,4,37.125,13551.650821483307
13921,,,,3080.0,13035.243491828862,7342.029724828746,4379,4,37.11,14515.069509239283
13922,,,,3076.0,13036.243491828862,7343.029724828746,4380,4,37.096,13543.144783767939
13923,,,,3073.0,13037.243491828862,7344.029724828746,4381,4,37.082,13539.07306831227
13924,,,,3071.0,13038.243491828862,7345.029724828746,4382,4,37.069,12568.384311112011
13925,,,,3069.0,13039.243491828862,7346.029724828746,4383,4,37.055,13531.292384239317
13926,,,,3066.0,13040.243491828862,7347.029724828746,4384,4,37.041,13527.218344790519
13927,,,,3062.0,13041.243491828862,7348.029724828746,4385,4,37.027,13523.143521334858
13928,,,,3059.0,13042.243491828862,7349.029724828746,4386,4,37.013,13519.067913892924
13929,,,,3056.0,13043.243491828862,7350.029724828746,4387,4,36.997,15445.287213282363
13930,,,,3055.0,13044.243491828862,7351.029724828746,4388,4,36.983,13510.183869359786
13931,,,,3053.0,13045.243491828862,7352.029724828746,4389,4,36.969,13506.105853904133
13932,,,,3051.0,13046.243491828862,7353.029724828746,4390,4,36.955,13502.02705446219
13933,,,,3049.0,13047.243491828862,7354.029724828746,4391,4,36.943,11569.982394710469
13934,,,,3044.0,13048.243491828862,7355.029724828746,4392,4,36.928,14458.301924773894
13935,,,,3040.0,13049.243491828862,7356.029724828746,4393,4,36.914,13490.151330926721
13936,,,,3036.0,13050.243491828862,7357.029724828746,4394,4,36.9,13486.06942348477
13937,,,,3031.0,13051.243491828862,7358.029724828746,4395,4,36.884,15407.567196815915
13938,,,,3028.0,13052.243491828862,7359.029724828746,4396,4,36.868,15402.0649921481
13939,,,,3027.0,13053.243491828862,7360.029724828746,4397,4,36.852,15396.561763487121
13940,,,,3027.0,13054.243491828862,7361.029724828746,4398,4,36.838,13467.540840776117
13941,,,,3025.0,13055.243491828862,7362.029724828746,4399,4,36.822,15386.38776972813
13942,,,,3023.0,13056.243491828862,7363.029724828746,4400,4,36.808,13458.636916249814
13943,,,,3021.0,13057.243491828862,7364.029724828746,4401,4,36.794,13454.549296801017
13944,,,,3018.0,13058.243491828862,7365.029724828746,4402,4,36.781,12489.883443845207
13945,,,,3017.0,13059.243491828862,7366.029724828746,4403,4,36.767,13446.737364714369
13946,,,,3014.0,13060.243491828862,7367.029724828746,4404,4,36.753,13442.647421272395
13947,,,,3011.0,13061.243491828862,7368.029724828746,4405,4,36.74,12478.82958328292
13948,,,,3006.0,13062.243491828862,7369.029724828746,4406,4,36.726,13434.830925192571
13949,,,,3002.0,13063.243491828862,7370.029724828746,4407,4,36.712,13430.738657736956
13950,,,,3000.0,13064.243491828862,7371.029724828746,4408,4,36.697,14385.49575737552
13951,,,,2998.0,13065.243491828862,7372.029724828746,4409,4,36.682,14380.717532804196
13952,,,,2996.0,13066.243491828862,7373.029724828746,4410,4,36.668,13417.725441761837
13953,,,,2993.0,13067.243491828862,7374.029724828746,4411,4,36.653,14371.550400966304
13954,,,,2988.0,13068.243491828862,7375.029724828746,4412,4,36.638,14366.769506394981
13955,,,,2985.0,13069.243491828862,7376.029724828746,4413,4,36.623,14361.987711823656
13956,,,,2983.0,13070.243491828862,7377.029724828746,4414,4,36.609,13400.24099950653
13957,,,,2982.0,13071.243491828862,7378.029724828746,4415,4,36.593,15309.458657420017
13958,,,,2983.0,13072.243491828862,7379.029724828746,4416,4,36.579,13391.310810980194
13959,,,,2982.0,13073.243491828862,7380.029724828746,4417,4,36.564,14343.24373084312
13960,,,,2982.0,13074.243491828862,7381.029724828746,4418,4,36.549,14338.457466271797
13961,,,,2981.0,13075.243491828862,7382.029724828746,4419,4,36.534,14333.670301700473
13962,,,,2982.0,13076.243491828862,7383.029724828746,4420,4,36.52,13373.806488724902
13963,,,,2983.0,13077.243491828862,7384.029724828746,4421,4,36.502,17188.67653668654
13964,,,,2984.0,13078.243491828862,7385.029724828746,4422,4,36.487,14318.518713376996
13965,,,,2985.0,13079.243491828862,7386.029724828746,4423,4,36.471,15267.7671468347
13966,,,,2988.0,13080.243491828862,7387.029724828746,4424,4,36.455,15262.237390160104
13967,,,,2992.0,13081.243491828862,7388.029724828746,4425,4,36.439,15256.706609492288
13968,,,,2996.0,13082.243491828862,7389.029724828746,4426,4,36.425,13345.144257043417
13969,,,,3001.0,13083.243491828862,7390.029724828746,4427,4,36.413,11435.4874734944
13970,,,,3004.0,13084.243491828862,7391.029724828746,4428,4,36.4,12385.139277815166
13971,,,,3008.0,13085.243491828862,7392.029724828746,4429,4,36.389,10477.079673789927
13972,,,,3011.0,13086.243491828862,7393.029724828746,4430,4,36.381,7618.2875112056345
13973,,,,3014.0,13087.243491828862,7394.029724828746,4431,4,36.372,8569.226031849552
13974,,,,3014.0,13088.243491828862,7395.029724828746,4432,4,36.365,6663.996968054089
13975,,,,3015.0,13089.243491828862,7396.029724828746,4433,4,36.359,5711.412862198789
13976,,,,3019.0,13090.243491828862,7397.029724828746,4434,4,36.353,5710.906708667378
13977,,,,3022.0,13091.243491828862,7398.029724828746,4435,4,36.352,951.7988580779621
14037,,,,3193.0,13151.243491828862,7458.029724828746,4495,4,36.339,12427.701528637119
14038,,,,3195.0,13152.243491828862,7459.029724828746,4496,4,36.325,13379.724695259514
14039,,,,3198.0,13153.243491828862,7460.029724828746,4497,4,36.312,12420.357917712647
14040,,,,3200.0,13154.243491828862,7461.029724828746,4498,4,36.298,13371.814679179693
14041,,,,3203.0,13155.243491828862,7462.029724828746,4499,4,36.286,11458.322323331307
14042,,,,3204.0,13156.243491828862,7463.029724828746,4500,4,36.272,13364.270013924428
14043,,,,3204.0,13157.243491828862,7464.029724828746,4501,4,36.259,12406.004360174118
14044,,,,3204.0,13158.243491828862,7465.029724828746,4502,4,36.245,13356.354005844603
14045,,,,3204.0,13159.243491828862,7466.029724828746,4503,4,36.233,11445.0677976097
14046,,,,3203.0,13160.243491828862,7467.029724828746,4504,4,36.219,13348.803460575775
14047,,,,3202.0,13161.243491828862,7468.029724828746,4505,4,36.204,14297.651061131368
14048,,,,3201.0,13162.243491828862,7469.029724828746,4506,4,36.188,15245.458093765921
14049,,,,3199.0,13163.243491828862,7470.029724828746,4507,4,36.173,14287.581934683967
14050,,,,3199.0,13164.243491828862,7471.029724828746,4508,4,36.157,15234.715708228792
14051,,,,3200.0,13165.243491828862,7472.029724828746,4509,4,36.14,16180.729348384875
14052,,,,3200.0,13166.243491828862,7473.029724828746,4510,4,36.125,14271.87878905573
14053,,,,3200.0,13167.243491828862,7474.029724828746,4511,4,36.111,13316.086012263253
14054,,,,3199.0,13168.243491828862,7475.029724828746,4512,4,36.097,13311.935364807698
14055,,,,3197.0,13169.243491828862,7476.029724828746,4513,4,36.083,13307.783933365658
14056,,,,3195.0,13170.243491828862,7477.029724828746,4514,4,36.071,11403.428986913468
14057,,,,3192.0,13171.243491828862,7478.029724828746,4515,4,36.057,13300.216308096853
14058,,,,3188.0,13172.243491828862,7479.029724828746,4516,4,36.042,14245.583752761077
14059,,,,3186.0,13173.243491828862,7480.029724828746,4517,4,36.026,15189.908991504286
14060,,,,3186.0,13174.243491828862,7481.029724828746,4518,4,36.012,13286.646137303898
14061,,,,3184.0,13175.243491828862,7482.029724828746,4519,4,36.0,11385.307612003391
14062,,,,3183.0,13176.243491828862,7483.029724828746,4520,4,35.986,13279.070896041843
14063,,,,3181.0,13177.243491828862,7484.029724828746,4521,4,35.975,10430.723808066366
14064,,,,3177.0,13178.243491828862,7485.029724828746,4522,4,35.963,11376.197763782648
14065,,,,3173.0,13179.243491828862,7486.029724828746,4523,4,35.951,11373.265397657
14066,,,,3168.0,13180.243491828862,7487.029724828746,4524,4,35.94,10422.949733584395
14067,,,,3163.0,13181.243491828862,7488.029724828746,4525,4,35.929,10420.55067365264
14068,,,,3160.0,13182.243491828862,7489.029724828746,4526,4,35.915,13258.911419980084
14069,,,,3156.0,13183.243491828862,7490.029724828746,4527,4,35.902,12308.152972082979
14070,,,,3154.0,13184.243491828862,7491.029724828746,4528,4,35.888,13250.95576390026
14071,,,,3151.0,13185.243491828862,7492.029724828746,4529,4,35.874,13246.792208444738
14072,,,,3149.0,13186.243491828862,7493.029724828746,4530,4,35.861,12296.89729952741
14073,,,,3147.0,13187.243491828862,7494.029724828746,4531,4,35.849,11347.886769589
14074,,,,3142.0,13188.243491828862,7495.029724828746,4532,4,35.837,11344.949075456638
14075,,,,3138.0,13189.243491828862,7496.029724828746,4533,4,35.826,10396.988319906883
14076,,,,3136.0,13190.243491828862,7497.029724828746,4534,4,35.815,10394.584573981858
14077,,,,3134.0,13191.243491828862,7498.029724828746,4535,4,35.803,11336.765716774022
14078,,,,3131.0,13192.243491828862,7499.029724828746,4536,4,35.792,10389.48540076828
14079,,,,3127.0,13193.243491828862,7500.029724828746,4537,4,35.78,11331.201878366533
14080,,,,3125.0,13194.243491828862,7501.029724828746,4538,4,35.769,10384.384203568125
14081,,,,3122.0,13195.243491828862,7502.029724828746,4539,4,35.758,10381.977993636396
14082,,,,3119.0,13196.243491828862,7503.029724828746,4540,4,35.746,11323.010335677202
14083,,,,3118.0,13197.243491828862,7504.029724828746,4541,4,35.737,8490.407008737944
14084,,,,3117.0,13198.243491828862,7505.029724828746,4542,4,35.729,7545.805355098852
14085,,,,3114.0,13199.243491828862,7506.029724828746,4543,4,35.721,7544.687579931897
14086,,,,3110.0,13200.243491828862,7507.029724828746,4544,4,35.711,9429.197931081317
14087,,,,3106.0,13201.243491828862,7508.029724828746,4545,4,35.699,11312.409573018416
14088,,,,3101.0,13202.243491828862,7509.029724828746,4546,4,35.69,8482.454645743857
14089,,,,3096.0,13203.243491828862,7510.029724828746,4547,4,35.676,13191.677450526056
14090,,,,3094.0,13204.243491828862,7511.029724828746,4548,4,35.663,12245.707844031454
14091,,,,3092.0,13205.243491828862,7512.029724828746,4549,4,35.65,12242.171878724525
14092,,,,3089.0,13206.243491828862,7513.029724828746,4550,4,35.636,13179.883829815211
14093,,,,3086.0,13207.243491828862,7514.029724828746,4551,4,35.624,11293.778054733126
14094,,,,3083.0,13208.243491828862,7515.029724828746,4552,4,35.611,12231.559926830498
14095,,,,3081.0,13209.243491828862,7516.029724828746,4553,4,35.599,11287.562748638025
14096,,,,3079.0,13210.243491828862,7517.029724828746,4554,4,35.585,13165.011618108883
14097,,,,3079.0,13211.243491828862,7518.029724828746,4555,4,35.572,12220.941890923099
14098,,,,3079.0,13212.243491828862,7519.029724828746,4556,4,35.56,11277.759648729676
14099,,,,3075.0,13213.243491828862,7520.029724828746,4557,4,35.547,12214.203364660087
14100,,,,3071.0,13214.243491828862,7521.029724828746,4558,4,35.536,10332.388771422322
14101,,,,3067.0,13215.243491828862,7522.029724828746,4559,4,35.524,11268.902430352735
14102,,,,3064.0,13216.243491828862,7523.029724828746,4560,4,35.511,12204.606133745061
14103,,,,3062.0,13217.243491828862,7524.029724828746,4561,4,35.499,11262.677524257637
14104,,,,3059.0,13218.243491828862,7525.029724828746,4562,4,35.486,12197.86118548204
14105,,,,3057.0,13219.243491828862,7526.029724828746,4563,4,35.474,11256.450218162538
14106,,,,3054.0,13220.243491828862,7527.029724828746,4564,4,35.463,10315.848538374452
14107,,,,3051.0,13221.243491828862,7528.029724828746,4565,4,35.451,11250.85513175505
14108,,,,3047.0,13222.243491828862,7529.029724828746,4566,4,35.437,13122.177553085417
14109,,,,3044.0,13223.243491828862,7530.029724828746,4567,4,35.423,13117.986473629962
14110,,,,3044.0,13224.243491828862,7531.029724828746,4568,4,35.409,13113.794610187822
14111,,,,3043.0,13225.243491828862,7532.029724828746,4569,4,35.396,12173.373750704497
14112,,,,3041.0,13226.243491828862,7533.029724828746,4570,4,35.382,13105.778866107998
14113,,,,3039.0,13227.243491828862,7534.029724828746,4571,4,35.368,13101.58467865255
14114,,,,3035.0,13228.243491828862,7535.029724828746,4572,4,35.354,13097.389707210403
14115,,,,3033.0,13229.243491828862,7536.029724828746,4573,4,35.337,15898.203678571032
14116,,,,3030.0,13230.243491828862,7537.029724828746,4574,4,35.321,14957.160714335294
14117,,,,3029.0,13231.243491828862,7538.029724828746,4575,4,35.306,14017.245511461486
14118,,,,3029.0,13232.243491828862,7539.029724828746,4576,4,35.289,15880.21389819237
14119,,,,3028.0,13233.243491828862,7540.029724828746,4577,4,35.275,13073.068312606472
14120,,,,3028.0,13234.243491828862,7541.029724828746,4578,4,35.261,13068.868385151041
14121,,,,3025.0,13235.243491828862,7542.029724828746,4579,4,35.247,13064.667673708876
14122,,,,3019.0,13236.243491828862,7543.029724828746,4580,4,35.234,12127.747808116921
14123,,,,3014.0,13237.243491828862,7544.029724828746,4581,4,35.22,13056.634541629053
14124,,,,3009.0,13238.243491828862,7545.029724828746,4582,4,35.204,14916.64095469525
14125,,,,3006.0,13239.243491828862,7546.029724828746,4583,4,35.19,13047.486289095914
14126,,,,3004.0,13240.243491828862,7547.029724828746,4584,4,35.175,13974.745999538596
14127,,,,3001.0,13241.243491828862,7548.029724828746,4585,4,35.159,14900.953916067017
14128,,,,3001.0,13242.243491828862,7549.029724828746,4586,4,35.144,13964.541663091195
14129,,,,3000.0,13243.243491828862,7550.029724828746,4587,4,35.13,13029.179704023025
14130,,,,3000.0,13244.243491828862,7551.029724828746,4588,4,35.118,11164.579401768351
14131,,,,2998.0,13245.243491828862,7552.029724828746,4589,4,35.105,12091.56953845194
14132,,,,2995.0,13246.243491828862,7553.029724828746,4590,4,35.092,12088.005207145094
14133,,,,2991.0,13247.243491828862,7554.029724828746,4591,4,35.079,12084.440199844856
14134,,,,2985.0,13248.243491828862,7555.029724828746,4592,4,35.067,11151.735455734351
14135,,,,2983.0,13249.243491828862,7556.029724828746,4593,4,35.054,12077.65263757517
14136,,,,2981.0,13250.243491828862,7557.029724828746,4594,4,35.04,13002.675942430224
14137,,,,2979.0,13251.243491828862,7558.029724828746,4595,4,35.027,12070.173410643905
14138,,,,2978.0,13252.243491828862,7559.029724828746,4596,4,35.013,12994.619878350399
14139,,,,2977.0,13253.243491828862,7560.029724828746,4597,4,34.999,12990.405166895009
14140,,,,2976.0,13254.243491828862,7561.029724828746,4598,4,34.985,12986.189671452805
14141,,,,2975.0,13255.243491828862,7562.029724828746,4599,4,34.971,12981.973392004005
14142,,,,2976.0,13256.243491828862,7563.029724828746,4600,4,34.955,14831.297318552366
14143,,,,2978.0,13257.243491828862,7564.029724828746,4601,4,34.938,15752.004829360916
14144,,,,2981.0,13258.243491828862,7565.029724828746,4602,4,34.923,13893.512228740368
14145,,,,2985.0,13259.243491828862,7566.029724828746,4603,4,34.906,15739.955134448388
14146,,,,2989.0,13260.243491828862,7567.029724828746,4604,4,34.89,14808.191276089365
14147,,,,2992.0,13261.243491828862,7568.029724828746,4605,4,34.876,12952.574788315735
14148,,,,2993.0,13262.243491828862,7569.029724828746,4606,4,34.861,13873.036115845565
14149,,,,2994.0,13263.243491828862,7570.029724828746,4607,4,34.845,14792.442413461133
14150,,,,2995.0,13264.243491828862,7571.029724828746,4608,4,34.83,13862.792479398164
14151,,,,2995.0,13265.243491828862,7572.029724828746,4609,4,34.814,14781.51388391724
14152,,,,2995.0,13266.243491828862,7573.029724828746,4610,4,34.799,13852.545122950763
14153,,,,2995.0,13267.243491828862,7574.029724828746,4611,4,34.785,12924.63019589855
14154,,,,2993.0,13268.243491828862,7575.029724828746,4612,4,34.768,15688.38437297816
14155,,,,2990.0,13269.243491828862,7576.029724828746,4613,4,34.751,15681.89715124644
14156,,,,2987.0,13270.243491828862,7577.029724828746,4614,4,34.734,15675.40877350161
14157,,,,2985.0,13271.243491828862,7578.029724828746,4615,4,34.719,13825.915113570374
14158,,,,2985.0,13272.243491828862,7579.029724828746,4616,4,34.702,15663.33106258905
14159,,,,2986.0,13273.243491828862,7580.029724828746,4617,4,34.683,17498.31599392885
14160,,,,2987.0,13274.243491828862,7581.029724828746,4618,4,34.665,16569.76027808489
14161,,,,2989.0,13275.243491828862,7582.029724828746,4619,4,34.646,17482.287631579336
14162,,,,2992.0,13276.243491828862,7583.029724828746,4620,4,34.629,15635.100054242326
14163,,,,2997.0,13277.243491828862,7584.029724828746,4621,4,34.611,16547.694108736774
14164,,,,3000.0,13278.243491828862,7585.029724828746,4622,4,34.595,14702.94590552651
14165,,,,3001.0,13279.243491828862,7586.029724828746,4623,4,34.578,15615.606871020964
14166,,,,3002.0,13280.243491828862,7587.029724828746,4624,4,34.563,13773.139729028613
14167,,,,3003.0,13281.243491828862,7588.029724828746,4625,4,34.547,14685.867803529587
14168,,,,3005.0,13282.243491828862,7589.029724828746,4626,4,34.53,15597.458072642303
14169,,,,3006.0,13283.243491828862,7590.029724828746,4627,4,34.514,14674.052218395696
14170,,,,3007.0,13284.243491828862,7591.029724828746,4628,4,34.497,15584.90176945099
14171,,,,3010.0,13285.243491828862,7592.029724828746,4629,4,34.48,15578.39608571271
14172,,,,3013.0,13286.243491828862,7593.029724828746,4630,4,34.465,13740.300863156126
14173,,,,3016.0,13287.243491828862,7594.029724828746,4631,4,34.451,12819.851414762945
14174,,,,3016.0,13288.243491828862,7595.029724828746,4632,4,34.435,14645.983058848355
14175,,,,3014.0,13289.243491828862,7596.029724828746,4633,4,34.421,12810.618098229806
14176,,,,3013.0,13290.243491828862,7597.029724828746,4634,4,34.406,13720.913832182096
14177,,,,3012.0,13291.243491828862,7598.029724828746,4635,4,34.39,14630.150196220122
14178,,,,3012.0,13292.243491828862,7599.029724828746,4636,4,34.373,15538.24716688943
14179,,,,3013.0,13293.243491828862,7600.029724828746,4637,4,34.356,15531.73264314466
14180,,,,3013.0,13294.243491828862,7601.029724828746,4638,4,34.341,13699.11967737303
14181,,,,3013.0,13295.243491828862,7602.029724828746,4639,4,34.325,14606.899033757121
14182,,,,3014.0,13296.243491828862,7603.029724828746,4640,4,34.308,15513.538352772484
14183,,,,3013.0,13297.243491828862,7604.029724828746,4641,4,34.293,13683.063011744794
14184,,,,3013.0,13298.243491828862,7605.029724828746,4642,4,34.276,15501.403385846894
14185,,,,3013.0,13299.243491828862,7606.029724828746,4643,4,34.261,13672.35376799264
14186,,,,3013.0,13300.243491828862,7607.029724828746,4644,4,34.245,14578.343690424517
14187,,,,3013.0,13301.243491828862,7608.029724828746,4645,4,34.232,11840.780257667835
14188,,,,3014.0,13302.243491828862,7609.029724828746,4646,4,34.216,14568.191400457627
14189,,,,3015.0,13303.243491828862,7610.029724828746,4647,4,34.202,12742.538385137897
14190,,,,3015.0,13304.243491828862,7611.029724828746,4648,4,34.189,11828.576716443973
14191,,,,3014.0,13305.243491828862,7612.029724828746,4649,4,34.173,14553.168889412873
14192,,,,3011.0,13306.243491828862,7613.029724828746,4650,4,34.16,11820.321974857596
14193,,,,3009.0,13307.243491828862,7614.029724828746,4651,4,34.144,14543.007351452454
14194,,,,3006.0,13308.243491828862,7615.029724828746,4652,4,34.129,13628.905618764993
14195,,,,3005.0,13309.243491828862,7616.029724828746,4653,4,34.112,15440.013447136469
14196,,,,3002.0,13310.243491828862,7617.029724828746,4654,4,34.096,14525.84140945546
14197,,,,2999.0,13311.243491828862,7618.029724828746,4655,4,34.081,13612.809713130313
14198,,,,2996.0,13312.243491828862,7619.029724828746,4656,4,34.065,14514.818319911561
14199,,,,2993.0,13313.243491828862,7620.029724828746,4657,4,34.048,15415.684217298256
14200,,,,2992.0,13314.243491828862,7621.029724828746,4658,4,34.033,13596.705167508528
14201,,,,2989.0,13315.243491828862,7622.029724828746,4659,4,34.016,15403.513074385588
14202,,,,2988.0,13316.243491828862,7623.029724828746,4660,4,33.999,15396.973118640874
14203,,,,2988.0,13317.243491828862,7624.029724828746,4661,4,33.982,15390.432006909032
14204,,,,2991.0,13318.243491828862,7625.029724828746,4662,4,33.966,14479.168140523005
14205,,,,2993.0,13319.243491828862,7626.029724828746,4663,4,33.952,12664.629312695079
14206,,,,2995.0,13320.243491828862,7627.029724828746,4664,4,33.939,11756.220461747096
14207,,,,2996.0,13321.243491828862,7628.029724828746,4665,4,33.926,11752.60046444686
14208,,,,2997.0,13322.243491828862,7629.029724828746,4666,4,33.913,11748.979791153042
14209,,,,2997.0,13323.243491828862,7630.029724828746,4667,4,33.899,12648.661027346781
14210,,,,2997.0,13324.243491828862,7631.029724828746,4668,4,33.885,12644.387291904404
14211,,,,2998.0,13325.243491828862,7632.029724828746,4669,4,33.871,12640.11277244919
14212,,,,2999.0,13326.243491828862,7633.029724828746,4670,4,33.857,12635.837469006809
14213,,,,2998.0,13327.243491828862,7634.029724828746,4671,4,33.842,13533.615857300345
14214,,,,2997.0,13328.243491828862,7635.029724828746,4672,4,33.827,13528.633632729021
14215,,,,2995.0,13329.243491828862,7636.029724828746,4673,4,33.812,13523.650508157698
14216,,,,2992.0,13330.243491828862,7637.029724828746,4674,4,33.796,14419.697631927462
14217,,,,2991.0,13331.243491828862,7638.029724828746,4675,4,33.78,14413.953763259648
14218,,,,2989.0,13332.243491828862,7639.029724828746,4676,4,33.763,15308.495276868858
14219,,,,2985.0,13333.243491828862,7640.029724828746,4677,4,33.746,15301.936893124184
14220,,,,2983.0,13334.243491828862,7641.029724828746,4678,4,33.727,17094.326811364117
14221,,,,2982.0,13335.243491828862,7642.029724828746,4679,4,33.71,15287.90986109019
14222,,,,2981.0,13336.243491828862,7643.029724828746,4680,4,33.692,16180.010709053095
14223,,,,2979.0,13337.243491828862,7644.029724828746,4681,4,33.673,17070.804748712493
14224,,,,2977.0,13338.243491828862,7645.029724828746,4682,4,33.656,15266.860133045579
14225,,,,2976.0,13339.243491828862,7646.029724828746,4683,4,33.637,17055.116533615674
14226,,,,2973.0,13340.243491828862,7647.029724828746,4684,4,33.619,16149.805493156568
14227,,,,2971.0,13341.243491828862,7648.029724828746,4685,4,33.602,15245.799388994576
14228,,,,2970.0,13342.243491828862,7649.029724828746,4686,4,33.583,17031.57395097044
14229,,,,2970.0,13343.243491828862,7650.029724828746,4687,4,33.566,15231.752772954209
14230,,,,2969.0,13344.243491828862,7651.029724828746,4688,4,33.547,17015.872055879983
14231,,,,2970.0,13345.243491828862,7652.029724828746,4689,4,33.53,15217.701260920214
14232,,,,2968.0,13346.243491828862,7653.029724828746,4690,4,33.513,15211.127441188297
14233,,,,2967.0,13347.243491828862,7654.029724828746,4691,4,33.495,16098.69765420904
14234,,,,2967.0,13348.243491828862,7655.029724828746,4692,4,33.48,13409.979117979077
14235,,,,2968.0,13349.243491828862,7656.029724828746,4693,4,33.464,14298.428101070285
14236,,,,2970.0,13350.243491828862,7657.029724828746,4694,4,33.448,14292.66388040247
14237,,,,2971.0,13351.243491828862,7658.029724828746,4695,4,33.434,12501.41014108956
14238,,,,2970.0,13352.243491828862,7659.029724828746,4696,4,33.418,14281.986910650316
14239,,,,2969.0,13353.243491828862,7660.029724828746,4697,4,33.404,12492.066112550083
14240,,,,2969.0,13354.243491828862,7661.029724828746,4698,4,33.388,14271.3061009045
14241,,,,2967.0,13355.243491828862,7662.029724828746,4699,4,33.371,15156.905904603402
14242,,,,2966.0,13356.243491828862,7663.029724828746,4700,4,33.356,13368.330892189475
14243,,,,2967.0,13357.243491828862,7664.029724828746,4701,4,33.34,14253.995390894715
14244,,,,2966.0,13358.243491828862,7665.029724828746,4702,4,33.323,15138.50996023107
14245,,,,2964.0,13359.243491828862,7666.029724828746,4703,4,33.308,13352.09629656124
14246,,,,2961.0,13360.243491828862,7667.029724828746,4704,4,33.292,14236.675464891268
14247,,,,2959.0,13361.243491828862,7668.029724828746,4705,4,33.275,15120.1042238524
14248,,,,2957.0,13362.243491828862,7669.029724828746,4706,4,33.26,13335.853060933005
14249,,,,2955.0,13363.243491828862,7670.029724828746,4707,4,33.244,14219.346322887819
14250,,,,2955.0,13364.243491828862,7671.029724828746,4708,4,33.227,15101.688695473733
14251,,,,2954.0,13365.243491828862,7672.029724828746,4709,4,33.213,12431.814886355798
14252,,,,2952.0,13366.243491828862,7673.029724828746,4710,4,33.197,14202.435684676111
14253,,,,2950.0,13367.243491828862,7674.029724828746,4711,4,33.182,13309.563836162126
14254,,,,2947.0,13368.243491828862,7675.029724828746,4712,4,33.168,12417.761379562402
14255,,,,2945.0,13369.243491828862,7676.029724828746,4713,4,33.152,14186.37165404788
14256,,,,2943.0,13370.243491828862,7677.029724828746,4714,4,33.138,12408.388175029262
14257,,,,2940.0,13371.243491828862,7678.029724828746,4715,4,33.124,12404.07470757417
14258,,,,2937.0,13372.243491828862,7679.029724828746,4716,4,33.112,10628.687039097722
14259,,,,2933.0,13373.243491828862,7680.029724828746,4717,4,33.098,12396.194322318412
14260,,,,2929.0,13374.243491828862,7681.029724828746,4718,4,33.084,12391.878558863325
14261,,,,2925.0,13375.243491828862,7682.029724828746,4719,4,33.07,12387.562011420818
14262,,,,2922.0,13376.243491828862,7683.029724828746,4720,4,33.055,13267.561513458255
14263,,,,2920.0,13377.243491828862,7684.029724828746,4721,4,33.039,14146.48850158143
14264,,,,2919.0,13378.243491828862,7685.029724828746,4722,4,33.022,15024.262436335672
14265,,,,2920.0,13379.243491828862,7686.029724828746,4723,4,33.007,13251.27102783002
14266,,,,2920.0,13380.243491828862,7687.029724828746,4724,4,32.992,13246.240353258696
14267,,,,2919.0,13381.243491828862,7688.029724828746,4725,4,32.978,12358.648864179586
14268,,,,2916.0,13382.243491828862,7689.029724828746,4726,4,32.964,12354.326604737062
14269,,,,2912.0,13383.243491828862,7690.029724828746,4727,4,32.949,13231.945924154237
14270,,,,2911.0,13384.243491828862,7691.029724828746,4728,4,32.935,12345.30497501543
14271,,,,2911.0,13385.243491828862,7692.029724828746,4729,4,32.921,12340.980335572896
14272,,,,2911.0,13386.243491828862,7693.029724828746,4730,4,32.905,14098.605825488474
14273,,,,2912.0,13387.243491828862,7694.029724828746,4731,4,32.89,13212.2052831737
14274,,,,2910.0,13388.243491828862,7695.029724828746,4732,4,32.876,12326.877100773188
14275,,,,2909.0,13389.243491828862,7696.029724828746,4733,4,32.862,12322.549241318138
14276,,,,2909.0,13390.243491828862,7697.029724828746,4734,4,32.848,12318.220597875594
14277,,,,2911.0,13391.243491828862,7698.029724828746,4735,4,32.834,12313.891170420547
14278,,,,2912.0,13392.243491828862,7699.029724828746,4736,4,32.822,10551.37366439459
14279,,,,2915.0,13393.243491828862,7700.029724828746,4737,4,32.811,9669.42625109369
14280,,,,2915.0,13394.243491828862,7701.029724828746,4738,4,32.801,8788.231039857004
14281,,,,2914.0,13395.243491828862,7702.029724828746,4739,4,32.792,7907.707857236075
14282,,,,2913.0,13396.243491828862,7703.029724828746,4740,4,32.781,9662.75061938908
14283,,,,2913.0,13397.243491828862,7704.029724828746,4741,4,32.771,8782.161053761909
14284,,,,2914.0,13398.243491828862,7705.029724828746,4742,4,32.759,10535.842752234943
14285,,,,2915.0,13399.243491828862,7706.029724828746,4743,4,32.747,10532.770130109297
14286,,,,2916.0,13400.243491828862,7707.029724828746,4744,4,32.733,12284.271213831897
14287,,,,2916.0,13401.243491828862,7708.029724828746,4745,4,32.719,12279.934646376867
14288,,,,2917.0,13402.243491828862,7709.029724828746,4746,4,32.705,12275.597294934301
14289,,,,2919.0,13403.243491828862,7710.029724828746,4747,4,32.691,12271.259159479276
14290,,,,2920.0,13404.243491828862,7711.029724828746,4748,4,32.677,12266.920240036707
14291,,,,2922.0,13405.243491828862,7712.029724828746,4749,4,32.663,12262.580536587908
14292,,,,2923.0,13406.243491828862,7713.029724828746,4750,4,32.649,12258.24004913289
14293,,,,2926.0,13407.243491828862,7714.029724828746,4751,4,32.635,12253.898777690312
14294,,,,2927.0,13408.243491828862,7715.029724828746,4752,4,32.621,12249.556722235298
14295,,,,2928.0,13409.243491828862,7716.029724828746,4753,4,32.608,11370.730068475137
14296,,,,2930.0,13410.243491828862,7717.029724828746,4754,4,32.594,12241.245746155479
14297,,,,2932.0,13411.243491828862,7718.029724828746,4755,4,32.582,10489.094469881653
14298,,,,2931.0,13412.243491828862,7719.029724828746,4756,4,32.568,12233.307288899638
14299,,,,2929.0,13413.243491828862,7720.029724828746,4757,4,32.556,10482.28882994275
14300,,,,2928.0,13414.243491828862,7721.029724828746,4758,4,32.542,12225.36591963138
14301,,,,2928.0,13415.243491828862,7722.029724828746,4759,4,32.528,12221.018516188788
14302,,,,2928.0,13416.243491828862,7723.029724828746,4760,4,32.512,13961.47962733525
14303,,,,2929.0,13417.243491828862,7724.029724828746,4761,4,32.498,12211.569991655648
14304,,,,2931.0,13418.243491828862,7725.029724828746,4762,4,32.483,13078.963205138463
14305,,,,2933.0,13419.243491828862,7726.029724828746,4763,4,32.467,13945.277836707017
14306,,,,2936.0,13420.243491828862,7727.029724828746,4764,4,32.452,13068.431808691063
14307,,,,2938.0,13421.243491828862,7728.029724828746,4765,4,32.438,12192.662862583185
14308,,,,2941.0,13422.243491828862,7729.029724828746,4766,4,32.426,10447.444822248244
14309,,,,2941.0,13423.243491828862,7730.029724828746,4767,4,32.412,12184.70766132732
14310,,,,2940.0,13424.243491828862,7731.029724828746,4768,4,32.397,13050.176946929545
14311,,,,2939.0,13425.243491828862,7732.029724828746,4769,4,32.381,13914.566766617507
14312,,,,2940.0,13426.243491828862,7733.029724828746,4770,4,32.366,13039.634810482145
14313,,,,2943.0,13427.243491828862,7734.029724828746,4771,4,32.349,14772.049063755598
14314,,,,2948.0,13428.243491828862,7735.029724828746,4772,4,32.335,12160.295028352759
14315,,,,2950.0,13429.243491828862,7736.029724828746,4773,4,32.321,12155.936340910133
14316,,,,2952.0,13430.243491828862,7737.029724828746,4774,4,32.308,11283.781686232669
14317,,,,2952.0,13431.243491828862,7738.029724828746,4775,4,32.296,10412.544654553736
14318,,,,2951.0,13432.243491828862,7739.029724828746,4776,4,32.282,12143.983883017054
14319,,,,2950.0,13433.243491828862,7740.029724828746,4777,4,32.268,12139.622143562094
14320,,,,2951.0,13434.243491828862,7741.029724828746,4778,4,32.256,10401.97352480158
14321,,,,2951.0,13435.243491828862,7742.029724828746,4779,4,32.242,12131.648686306202
14322,,,,2949.0,13436.243491828862,7743.029724828746,4780,4,32.228,12127.28465085125
14323,,,,2948.0,13437.243491828862,7744.029724828746,4781,4,32.212,13854.335529813705
14324,,,,2949.0,13438.243491828862,7745.029724828746,4782,4,32.198,12117.801686324268
14325,,,,2950.0,13439.243491828862,7746.029724828746,4783,4,32.183,12978.479028712001
14326,,,,2951.0,13440.243491828862,7747.029724828746,4784,4,32.167,13838.074699185472
14327,,,,2954.0,13441.243491828862,7748.029724828746,4785,4,32.153,12103.57093952456
14328,,,,2955.0,13442.243491828862,7749.029724828746,4786,4,32.139,12099.202060069621
14329,,,,2955.0,13443.243491828862,7750.029724828746,4787,4,32.125,12094.832396626965
14330,,,,2954.0,13444.243491828862,7751.029724828746,4788,4,32.111,12090.461949178165
14331,,,,2954.0,13445.243491828862,7752.029724828746,4789,4,32.099,10359.829015324367
14332,,,,2953.0,13446.243491828862,7753.029724828746,4790,4,32.085,12082.471691909981
14333,,,,2952.0,13447.243491828862,7754.029724828746,4791,4,32.072,11215.552409166818
14334,,,,2949.0,13448.243491828862,7755.029724828746,4792,4,32.057,12936.336103312888
14335,,,,2949.0,13449.243491828862,7756.029724828746,4793,4,32.041,13793.113749432549
14336,,,,2949.0,13450.243491828862,7757.029724828746,4794,4,32.025,13787.252792758607
14337,,,,2947.0,13451.243491828862,7758.029724828746,4795,4,32.009,13781.39081209079
14338,,,,2946.0,13452.243491828862,7759.029724828746,4796,4,31.993,13775.527807426035
14339,,,,2946.0,13453.243491828862,7760.029724828746,4797,4,31.978,12909.261591234193
14340,,,,2946.0,13454.243491828862,7761.029724828746,4798,4,31.964,12044.07732296579
14341,,,,2947.0,13455.243491828862,7762.029724828746,4799,4,31.95,12039.698055513936
14342,,,,2948.0,13456.243491828862,7763.029724828746,4800,4,31.934,13754.218547710405
14343,,,,2947.0,13457.243491828862,7764.029724828746,4801,4,31.922,10311.908884971077
14344,,,,2946.0,13458.243491828862,7765.029724828746,4802,4,31.908,12026.555549167546
14345,,,,2944.0,13459.243491828862,7766.029724828746,4803,4,31.893,12880.697910333087
14346,,,,2941.0,13460.243491828862,7767.029724828746,4804,4,31.879,12017.413071452182
14347,,,,2940.0,13461.243491828862,7768.029724828746,4805,4,31.865,12013.029072006433
14348,,,,2940.0,13462.243491828862,7769.029724828746,4806,4,31.849,13723.734109412633
14349,,,,2938.0,13463.243491828862,7770.029724828746,4807,4,31.833,13717.860352747864
14350,,,,2938.0,13464.243491828862,7771.029724828746,4808,4,31.818,12855.188437473425
14351,,,,2938.0,13465.243491828862,7772.029724828746,4809,4,31.804,11993.600100122385
14352,,,,2938.0,13466.243491828862,7773.029724828746,4810,4,31.788,13701.525698116586
14353,,,,2938.0,13467.243491828862,7774.029724828746,4811,4,31.774,11984.069031586207
14354,,,,2938.0,13468.243491828862,7775.029724828746,4812,4,31.76,11979.67934813741
14355,,,,2937.0,13469.243491828862,7776.029724828746,4813,4,31.748,10264.856588149198
14356,,,,2934.0,13470.243491828862,7777.029724828746,4814,4,31.734,11971.65196287536
14357,,,,2931.0,13471.243491828862,7778.029724828746,4815,4,31.72,11967.259983429598
14358,,,,2926.0,13472.243491828862,7779.029724828746,4816,4,31.706,11962.867219977765
14359,,,,2921.0,13473.243491828862,7780.029724828746,4817,4,31.691,12812.4482647726
14360,,,,2919.0,13474.243491828862,7781.029724828746,4818,4,31.675,13660.942609650137
14361,,,,2916.0,13475.243491828862,7782.029724828746,4819,4,31.659,13655.057140985355
14362,,,,2914.0,13476.243491828862,7783.029724828746,4820,4,31.644,12796.299626449121
14363,,,,2911.0,13477.243491828862,7784.029724828746,4821,4,31.628,13643.71440343843
14364,,,,2907.0,13478.243491828862,7785.029724828746,4822,4,31.611,14489.960883055552
14365,,,,2904.0,13479.243491828862,7786.029724828746,4823,4,31.595,13631.505026314086
14366,,,,2902.0,13480.243491828862,7787.029724828746,4824,4,31.58,12774.21573894481
14367,,,,2900.0,13481.243491828862,7788.029724828746,4825,4,31.565,12769.096804370462
14368,,,,2898.0,13482.243491828862,7789.029724828746,4826,4,31.55,12763.976969802163
14369,,,,2894.0,13483.243491828862,7790.029724828746,4827,4,31.534,13609.230919018033
14370,,,,2892.0,13484.243491828862,7791.029724828746,4828,4,31.519,12753.33007335476
14371,,,,2889.0,13485.243491828862,7792.029724828746,4829,4,31.504,12748.207508780419
14372,,,,2887.0,13486.243491828862,7793.029724828746,4830,4,31.489,12743.084044212115
14373,,,,2884.0,13487.243491828862,7794.029724828746,4831,4,31.475,11888.951189072619
14374,,,,2881.0,13488.243491828862,7795.029724828746,4832,4,31.457,15279.15850970051
14375,,,,2879.0,13489.243491828862,7796.029724828746,4833,4,31.442,12726.898895888637
14376,,,,2875.0,13490.243491828862,7797.029724828746,4834,4,31.425,14417.549339213228
14377,,,,2871.0,13491.243491828862,7798.029724828746,4835,4,31.407,15258.272599415217
14378,,,,2868.0,13492.243491828862,7799.029724828746,4836,4,31.39,14403.631047457951
14379,,,,2866.0,13493.243491828862,7800.029724828746,4837,4,31.373,14396.899501719676
14380,,,,2864.0,13494.243491828862,7801.029724828746,4838,4,31.356,14390.166799981398
14381,,,,2861.0,13495.243491828862,7802.029724828746,4839,4,31.339,14383.432942246127
14382,,,,2858.0,13496.243491828862,7803.029724828746,4840,4,31.323,13531.225754958192
14383,,,,2854.0,13497.243491828862,7804.029724828746,4841,4,31.306,14370.42066504529
14384,,,,2847.0,13498.243491828862,7805.029724828746,4842,4,31.289,14363.683373307014
14385,,,,2844.0,13499.243491828862,7806.029724828746,4843,4,31.272,14356.944925571737
14386,,,,2839.0,13500.243491828862,7807.029724828746,4844,4,31.255,14350.205321830459
14387,,,,2836.0,13501.243491828862,7808.029724828746,4845,4,31.238,14343.464562092182
14388,,,,2834.0,13502.243491828862,7809.029724828746,4846,4,31.222,13493.602055992606
14389,,,,2832.0,13503.243491828862,7810.029724828746,4847,4,31.207,12644.909819271239
14390,,,,2831.0,13504.243491828862,7811.029724828746,4848,4,31.191,13482.204566451706
14391,,,,2828.0,13505.243491828862,7812.029724828746,4849,4,31.177,11792.130365376803
14392,,,,2824.0,13506.243491828862,7813.029724828746,4850,4,31.162,12629.48569555727
14393,,,,2820.0,13507.243491828862,7814.029724828746,4851,4,31.146,13465.749239820481
14394,,,,2816.0,13508.243491828862,7815.029724828746,4852,4,31.132,11777.7294345771
14395,,,,2812.0,13509.243491828862,7816.029724828746,4853,4,31.116,13454.774222071313
14396,,,,2809.0,13510.243491828862,7817.029724828746,4854,4,31.102,11768.124614043963
14397,,,,2806.0,13511.243491828862,7818.029724828746,4855,4,31.086,13443.795364319156
14398,,,,2802.0,13512.243491828862,7819.029724828746,4856,4,31.07,13437.872103648355
14399,,,,2797.0,13513.243491828862,7820.029724828746,4857,4,31.054,13431.947818983523
14400,,,,2793.0,13514.243491828862,7821.029724828746,4858,4,31.039,12587.098817069438
14401,,,,2790.0,13515.243491828862,7822.029724828746,4859,4,31.023,13420.528665439628
14402,,,,2786.0,13516.243491828862,7823.029724828746,4860,4,31.006,14252.78414842864
14403,,,,2783.0,13517.243491828862,7824.029724828746,4861,4,30.99,13408.240440312255
14404,,,,2779.0,13518.243491828862,7825.029724828746,4862,4,30.973,14239.725665230808
14405,,,,2777.0,13519.243491828862,7826.029724828746,4863,4,30.956,14232.964913492531
14406,,,,2776.0,13520.243491828862,7827.029724828746,4864,4,30.94,13389.583858722353
14407,,,,2773.0,13521.243491828862,7828.029724828746,4865,4,30.925,12547.375929330365
14408,,,,2770.0,13522.243491828862,7829.029724828746,4866,4,30.911,11706.260279849666
14409,,,,2766.0,13523.243491828862,7830.029724828746,4867,4,30.895,13373.081396097092
14410,,,,2763.0,13524.243491828862,7831.029724828746,4868,4,30.88,12531.902125616394
14411,,,,2759.0,13525.243491828862,7832.029724828746,4869,4,30.864,13361.642146550228
14412,,,,2754.0,13526.243491828862,7833.029724828746,4870,4,30.849,12521.175969168993
14413,,,,2751.0,13527.243491828862,7834.029724828746,4871,4,30.833,13350.198929009299
14414,,,,2746.0,13528.243491828862,7835.029724828746,4872,4,30.816,14178.045611471427
14415,,,,2744.0,13529.243491828862,7836.029724828746,4873,4,30.799,14171.27374173315
14416,,,,2741.0,13530.243491828862,7837.029724828746,4874,4,30.782,14164.500715994873
14417,,,,2737.0,13531.243491828862,7838.029724828746,4875,4,30.765,14157.726534256597
14418,,,,2733.0,13532.243491828862,7839.029724828746,4876,4,30.748,14150.95119651832
14419,,,,2729.0,13533.243491828862,7840.029724828746,4877,4,30.731,14144.174702780043
14420,,,,2726.0,13534.243491828862,7841.029724828746,4878,4,30.715,13306.00200958415
14421,,,,2721.0,13535.243491828862,7842.029724828746,4879,4,30.698,14131.07844558221
14422,,,,2716.0,13536.243491828862,7843.029724828746,4880,4,30.681,14124.298517843934
14423,,,,2711.0,13537.243491828862,7844.029724828746,4881,4,30.662,15777.887422867481
14424,,,,2707.0,13538.243491828862,7845.029724828746,4882,4,30.645,14109.814593809935
14425,,,,2704.0,13539.243491828862,7846.029724828746,4883,4,30.626,15761.69677176771
14426,,,,2702.0,13540.243491828862,7847.029724828746,4884,4,30.609,14095.32577377594
14427,,,,2699.0,13541.243491828862,7848.029724828746,4885,4,30.592,14088.539930040606
14428,,,,2696.0,13542.243491828862,7849.029724828746,4886,4,30.575,14081.752930299384
14429,,,,2691.0,13543.243491828862,7850.029724828746,4887,4,30.558,14074.964774561107
14430,,,,2688.0,13544.243491828862,7851.029724828746,4888,4,30.543,12413.502323914
14431,,,,2681.0,13545.243491828862,7852.029724828746,4889,4,30.527,13235.32832073436
14432,,,,2675.0,13546.243491828862,7853.029724828746,4890,4,30.509,14882.553319811359
14433,,,,2670.0,13547.243491828862,7854.029724828746,4891,4,30.491,14874.873354028654
14434,,,,2664.0,13548.243491828862,7855.029724828746,4892,4,30.473,14867.192092245949
14435,,,,2661.0,13549.243491828862,7856.029724828746,4893,4,30.455,14859.509534463243
14436,,,,2656.0,13550.243491828862,7857.029724828746,4894,4,30.437,14851.825680677606
14437,,,,2652.0,13551.243491828862,7858.029724828746,4895,4,30.42,14019.69642809745
14438,,,,2646.0,13552.243491828862,7859.029724828746,4896,4,30.401,15660.95902691551
14439,,,,2640.0,13553.243491828862,7860.029724828746,4897,4,30.382,15652.329184111482
14440,,,,2637.0,13554.243491828862,7861.029724828746,4898,4,30.364,14820.58935278401
14441,,,,2633.0,13555.243491828862,7862.029724828746,4899,4,30.345,15635.580265764896
14442,,,,2630.0,13556.243491828862,7863.029724828746,4900,4,30.326,15626.946128960873
14443,,,,2629.0,13557.243491828862,7864.029724828746,4901,4,30.308,14796.538233904483
14444,,,,2628.0,13558.243491828862,7865.029724828746,4902,4,30.29,14788.843904121777
14445,,,,2627.0,13559.243491828862,7866.029724828746,4903,4,30.273,13960.20388112529
14446,,,,2625.0,13560.243491828862,7867.029724828746,4904,4,30.256,13953.395631387013
14447,,,,2623.0,13561.243491828862,7868.029724828746,4905,4,30.242,11485.993522760738
14448,,,,2621.0,13562.243491828862,7869.029724828746,4906,4,30.228,11481.524095311943
14449,,,,2618.0,13563.243491828862,7870.029724828746,4907,4,30.213,12296.63999834489
14450,,,,2615.0,13564.243491828862,7871.029724828746,4908,4,30.199,11472.203089596578
14451,,,,2611.0,13565.243491828862,7872.029724828746,4909,4,30.183,13105.544520379231
14452,,,,2609.0,13566.243491828862,7873.029724828746,4910,4,30.169,11462.498981063442
14453,,,,2608.0,13567.243491828862,7874.029724828746,4911,4,30.154,12276.252437364352
14454,,,,2605.0,13568.243491828862,7875.029724828746,4912,4,30.138,13088.90458574809
14455,,,,2600.0,13569.243491828862,7876.029724828746,4913,4,30.123,12265.442730916951
14456,,,,2596.0,13570.243491828862,7877.029724828746,4914,4,30.109,11443.08068399717
14457,,,,2593.0,13571.243491828862,7878.029724828746,4915,4,30.093,13072.256011122761
14458,,,,2592.0,13572.243491828862,7879.029724828746,4916,4,30.078,12249.831947202982
14459,,,,2589.0,13573.243491828862,7880.029724828746,4917,4,30.062,13060.717817575965
14460,,,,2587.0,13574.243491828862,7881.029724828746,4918,4,30.049,10607.49755698659
14461,,,,2584.0,13575.243491828862,7882.029724828746,4919,4,30.033,13050.044471615549
14462,,,,2581.0,13576.243491828862,7883.029724828746,4920,4,30.019,11413.928038400658
14463,,,,2577.0,13577.243491828862,7884.029724828746,4921,4,30.004,12224.203291648224
14464,,,,2573.0,13578.243491828862,7885.029724828746,4922,4,29.987,13847.730890413643
14465,,,,2569.0,13579.243491828862,7886.029724828746,4923,4,29.972,12212.96790789607
14466,,,,2565.0,13580.243491828862,7887.029724828746,4924,4,29.955,13834.995279494531
14467,,,,2564.0,13581.243491828862,7888.029724828746,4925,4,29.938,13828.164079753362
14468,,,,2563.0,13582.243491828862,7889.029724828746,4926,4,29.922,13008.529526732578
14469,,,,2565.0,13583.243491828862,7890.029724828746,4927,4,29.907,12190.078123089897
14470,,,,2564.0,13584.243491828862,7891.029724828746,4928,4,29.892,12184.862648518574
14471,,,,2563.0,13585.243491828862,7892.029724828746,4929,4,29.878,11367.860049092023
14472,,,,2561.0,13586.243491828862,7893.029724828746,4930,4,29.866,9740.358374110252
14473,,,,2557.0,13587.243491828862,7894.029724828746,4931,4,29.852,11359.642095829973
14474,,,,2551.0,13588.243491828862,7895.029724828746,4932,4,29.836,12976.88124064595
14475,,,,2549.0,13589.243491828862,7896.029724828746,4933,4,29.821,12160.402484878097
14476,,,,2546.0,13590.243491828862,7897.029724828746,4934,4,29.804,13775.410559407472
14477,,,,2544.0,13591.243491828862,7898.029724828746,4935,4,29.787,13768.568445666315
14478,,,,2540.0,13592.243491828862,7899.029724828746,4936,4,29.771,12952.429406180067
14479,,,,2537.0,13593.243491828862,7900.029724828746,4937,4,29.754,13755.342920468485
14480,,,,2535.0,13594.243491828862,7901.029724828746,4938,4,29.738,12939.979741055571
14481,,,,2533.0,13595.243491828862,7902.029724828746,4939,4,29.721,13742.112907270652
14482,,,,2531.0,13596.243491828862,7903.029724828746,4940,4,29.707,11311.96581525315
14483,,,,2528.0,13597.243491828862,7904.029724828746,4941,4,29.693,11307.467687804354
14484,,,,2525.0,13598.243491828862,7905.029724828746,4942,4,29.677,12917.243457759518
14485,,,,2522.0,13599.243491828862,7906.029724828746,4943,4,29.665,9684.075687505667
14486,,,,2519.0,13600.243491828862,7907.029724828746,4944,4,29.651,11293.968601457964
14487,,,,2516.0,13601.243491828862,7908.029724828746,4945,4,29.635,12901.813146503633
14488,,,,2513.0,13602.243491828862,7909.029724828746,4946,4,29.621,11284.203564927691
14489,,,,2511.0,13603.243491828862,7910.029724828746,4947,4,29.606,12085.189534355815
14490,,,,2511.0,13604.243491828862,7911.029724828746,4948,4,29.592,11274.816087212324
14491,,,,2511.0,13605.243491828862,7912.029724828746,4949,4,29.58,9660.593614782334
14492,,,,2510.0,13606.243491828862,7913.029724828746,4950,4,29.565,12071.119069860868
14493,,,,2509.0,13607.243491828862,7914.029724828746,4951,4,29.551,11261.681287683701
14494,,,,2503.0,13608.243491828862,7915.029724828746,4952,4,29.539,9649.333295183518
14495,,,,2500.0,13609.243491828862,7916.029724828746,4953,4,29.526,10449.789568984681
14496,,,,2499.0,13610.243491828862,7917.029724828746,4954,4,29.513,10445.957151681587
14497,,,,2499.0,13611.243491828862,7918.029724828746,4955,4,29.502,8835.94288137532
14498,,,,2499.0,13612.243491828862,7919.029724828746,4956,4,29.489,10438.998125742686
14499,,,,2497.0,13613.243491828862,7920.029724828746,4957,4,29.478,8830.053418808782
14500,,,,2493.0,13614.243491828862,7921.029724828746,4958,4,29.467,8827.407408886611
14501,,,,2487.0,13615.243491828862,7922.029724828746,4959,4,29.454,10428.908903165124
14502,,,,2484.0,13616.243491828862,7923.029724828746,4960,4,29.443,8821.514822320074
14503,,,,2482.0,13617.243491828862,7924.029724828746,4961,4,29.432,8818.8673163979
14504,,,,2479.0,13618.243491828862,7925.029724828746,4962,4,29.421,8816.219326470029
14505,,,,2477.0,13619.243491828862,7926.029724828746,4963,4,29.409,9614.641135491867
14506,,,,2472.0,13620.243491828862,7927.029724828746,4964,4,29.396,10412.199440979448
14507,,,,2466.0,13621.243491828862,7928.029724828746,4965,4,29.384,9607.88030939677
14508,,,,2462.0,13622.243491828862,7929.029724828746,4966,4,29.371,10404.873912712605
14509,,,,2458.0,13623.243491828862,7930.029724828746,4967,4,29.359,9601.11708329883
14510,,,,2455.0,13624.243491828862,7931.029724828746,4968,4,29.343,12796.325463318837
14511,,,,2449.0,13625.243491828862,7932.029724828746,4969,4,29.329,11191.884006135639
14512,,,,2445.0,13626.243491828862,7933.029724828746,4970,4,29.315,11187.363926686843
14513,,,,2442.0,13627.243491828862,7934.029724828746,4971,4,29.301,11182.843063240884
14514,,,,2440.0,13628.243491828862,7935.029724828746,4972,4,29.286,11976.56852183428
14515,,,,2438.0,13629.243491828862,7936.029724828746,4973,4,29.272,11173.417365525516
14516,,,,2436.0,13630.243491828862,7937.029724828746,4974,4,29.258,11168.894122073883
14517,,,,2432.0,13631.243491828862,7938.029724828746,4975,4,29.244,11164.370094625088
14518,,,,2430.0,13632.243491828862,7939.029724828746,4976,4,29.228,12753.67266326607
14519,,,,2428.0,13633.243491828862,7940.029724828746,4977,4,29.214,11154.556226094783
14520,,,,2429.0,13634.243491828862,7941.029724828746,4978,4,29.199,11946.255976320614
14521,,,,2429.0,13635.243491828862,7942.029724828746,4979,4,29.185,11145.120784379416
14522,,,,2427.0,13636.243491828862,7943.029724828746,4980,4,29.173,9549.406772354147
14523,,,,2425.0,13637.243491828862,7944.029724828746,4981,4,29.159,11136.827623114536
14524,,,,2421.0,13638.243491828862,7945.029724828746,4982,4,29.145,11132.29807966574
14525,,,,2418.0,13639.243491828862,7946.029724828746,4983,4,29.131,11127.767752216943
14526,,,,2415.0,13640.243491828862,7947.029724828746,4984,4,29.117,11123.236640768146
14527,,,,2414.0,13641.243491828862,7948.029724828746,4985,4,29.101,12706.654617718104
14528,,,,2413.0,13642.243491828862,7949.029724828746,4986,4,29.085,12700.601277047468
14529,,,,2414.0,13643.243491828862,7950.029724828746,4987,4,29.07,11901.342379010062
14530,,,,2413.0,13644.243491828862,7951.029724828746,4988,4,29.056,11103.194160884104
14531,,,,2412.0,13645.243491828862,7952.029724828746,4989,4,29.042,11098.658989435307
14532,,,,2412.0,13646.243491828862,7953.029724828746,4990,4,29.026,12678.561073337713
14533,,,,2412.0,13647.243491828862,7954.029724828746,4991,4,29.012,11088.822048902171
14534,,,,2413.0,13648.243491828862,7955.029724828746,4992,4,28.998,11084.284469453374
14535,,,,2413.0,13649.243491828862,7956.029724828746,4993,4,28.984,11079.746106004579
14536,,,,2413.0,13650.243491828862,7957.029724828746,4994,4,28.972,9493.362141749563
14537,,,,2412.0,13651.243491828862,7958.029724828746,4995,4,28.961,8699.432381335539
14538,,,,2411.0,13652.243491828862,7959.029724828746,4996,4,28.948,10277.640988786645
14539,,,,2410.0,13653.243491828862,7960.029724828746,4997,4,28.936,9483.652155372622
14540,,,,2409.0,13654.243491828862,7961.029724828746,4998,4,28.922,11060.101079302764
14541,,,,2405.0,13655.243491828862,7962.029724828746,4999,4,28.909,10266.053022888738
14542,,,,2404.0,13656.243491828862,7963.029724828746,5000,4,28.895,11051.396983222941
14543,,,,2402.0,13657.243491828862,7964.029724828746,5001,4,28.881,11046.852599774145
14544,,,,2402.0,13658.243491828862,7965.029724828746,5002,4,28.867,11042.307432325348
14545,,,,2402.0,13659.243491828862,7966.029724828746,5003,4,28.852,11825.9681265735
14546,,,,2401.0,13660.243491828862,7967.029724828746,5004,4,28.838,11032.832258609984
14547,,,,2399.0,13661.243491828862,7968.029724828746,5005,4,28.825,10240.72768510258
14548,,,,2398.0,13662.243491828862,7969.029724828746,5006,4,28.811,11024.11892253016
14549,,,,2396.0,13663.243491828862,7970.029724828746,5007,4,28.797,11019.569835081365
14550,,,,2394.0,13664.243491828862,7971.029724828746,5008,4,28.783,11015.019963632569
14551,,,,2391.0,13665.243491828862,7972.029724828746,5009,4,28.769,11010.469308186564
14552,,,,2388.0,13666.243491828862,7973.029724828746,5010,4,28.756,10219.958539275443
14553,,,,2385.0,13667.243491828862,7974.029724828746,5011,4,28.742,11001.74832810395
14554,,,,2383.0,13668.243491828862,7975.029724828746,5012,4,28.726,12567.785871816142
14555,,,,2383.0,13669.243491828862,7976.029724828746,5013,4,28.712,10991.876107570813
14556,,,,2382.0,13670.243491828862,7977.029724828746,5014,4,28.698,10987.321504122016
14557,,,,2380.0,13671.243491828862,7978.029724828746,5015,4,28.684,10982.76611667322
14558,,,,2378.0,13672.243491828862,7979.029724828746,5016,4,28.67,10978.209945224424
14559,,,,2374.0,13673.243491828862,7980.029724828746,5017,4,28.658,9406.316434795137
14560,,,,2371.0,13674.243491828862,7981.029724828746,5018,4,28.644,10969.861007965155
14561,,,,2368.0,13675.243491828862,7982.029724828746,5019,4,28.632,9399.158954853452
14562,,,,2365.0,13676.243491828862,7983.029724828746,5020,4,28.618,10961.509158703102
14563,,,,2362.0,13677.243491828862,7984.029724828746,5021,4,28.604,10956.949179251524
14564,,,,2359.0,13678.243491828862,7985.029724828746,5022,4,28.591,10170.252774695506
14565,,,,2356.0,13679.243491828862,7986.029724828746,5023,4,28.577,10948.209887171703
14566,,,,2353.0,13680.243491828862,7987.029724828746,5024,4,28.565,9380.597683321374
14567,,,,2351.0,13681.243491828862,7988.029724828746,5025,4,28.551,10939.850645912427
14568,,,,2348.0,13682.243491828862,7989.029724828746,5026,4,28.539,9373.431371379696
14569,,,,2344.0,13683.243491828862,7990.029724828746,5027,4,28.526,10150.845768197092
14570,,,,2340.0,13684.243491828862,7991.029724828746,5028,4,28.514,9366.590985287374
14571,,,,2335.0,13685.243491828862,7992.029724828746,5029,4,28.5,10923.50661420332
14572,,,,2330.0,13686.243491828862,7993.029724828746,5030,4,28.486,10918.939802754523
14573,,,,2326.0,13687.243491828862,7994.029724828746,5031,4,28.47,12473.13024513107
14574,,,,2323.0,13688.243491828862,7995.029724828746,5032,4,28.456,10909.037286221388
14575,,,,2322.0,13689.243491828862,7996.029724828746,5033,4,28.442,10904.468066772592
14576,,,,2320.0,13690.243491828862,7997.029724828746,5034,4,28.429,10121.511889110696
14577,,,,2317.0,13691.243491828862,7998.029724828746,5035,4,28.415,10895.710630692769
14578,,,,2315.0,13692.243491828862,7999.029724828746,5036,4,28.401,10891.139087243972
14579,,,,2312.0,13693.243491828862,8000.029724828746,5037,4,28.387,10886.566759795176
14580,,,,2311.0,13694.243491828862,8001.029724828746,5038,4,28.374,10104.886412917378
14581,,,,2309.0,13695.243491828862,8002.029724828746,5039,4,28.36,10877.803219715353
14582,,,,2308.0,13696.243491828862,8003.029724828746,5040,4,28.348,9320.238911215925
14583,,,,2307.0,13697.243491828862,8004.029724828746,5041,4,28.336,9316.97460109028
14584,,,,2303.0,13698.243491828862,8005.029724828746,5042,4,28.323,10089.674114044454
14585,,,,2300.0,13699.243491828862,8006.029724828746,5043,4,28.311,9310.115470995182
14586,,,,2297.0,13700.243491828862,8007.029724828746,5044,4,28.297,10857.607370195768
14587,,,,2295.0,13701.243491828862,8008.029724828746,5045,4,28.284,10077.990754146495
14588,,,,2292.0,13702.243491828862,8009.029724828746,5046,4,28.272,9299.32899508683
14589,,,,2288.0,13703.243491828862,8010.029724828746,5047,4,28.258,10845.02096430269
14590,,,,2287.0,13704.243491828862,8011.029724828746,5048,4,28.246,9292.134891147927
14591,,,,2287.0,13705.243491828862,8012.029724828746,5049,4,28.233,10062.759813273578
14592,,,,2285.0,13706.243491828862,8013.029724828746,5050,4,28.221,9285.26724105283
14593,,,,2284.0,13707.243491828862,8014.029724828746,5051,4,28.207,10828.61270059636
14594,,,,2283.0,13708.243491828862,8015.029724828746,5052,4,28.194,10051.062335375611
14595,,,,2283.0,13709.243491828862,8016.029724828746,5053,4,28.182,9274.467733144478
14596,,,,2284.0,13710.243491828862,8017.029724828746,5054,4,28.169,10043.617103103177
14597,,,,2283.0,13711.243491828862,8018.029724828746,5055,4,28.157,9267.594011049381
14598,,,,2281.0,13712.243491828862,8019.029724828746,5056,4,28.145,9264.320796923734
14599,,,,2279.0,13713.243491828862,8020.029724828746,5057,4,28.134,8489.443935242409
14600,,,,2276.0,13714.243491828862,8021.029724828746,5058,4,28.123,8486.744157317387
14601,,,,2273.0,13715.243491828862,8022.029724828746,5059,4,28.11,10026.240734589455
14602,,,,2270.0,13716.243491828862,8023.029724828746,5060,4,28.099,8480.739634753701
14603,,,,2268.0,13717.243491828862,8024.029724828746,5061,4,28.087,9248.604513983108
14604,,,,2266.0,13718.243491828862,8025.029724828746,5062,4,28.075,9245.327891857462
14605,,,,2264.0,13719.243491828862,8026.029724828746,5063,4,28.061,10782.008337201767
14606,,,,2263.0,13720.243491828862,8027.029724828746,5064,4,28.048,10007.778847080623
14607,,,,2263.0,13721.243491828862,8028.029724828746,5065,4,28.034,10773.206885121943
14608,,,,2263.0,13722.243491828862,8029.029724828746,5066,4,28.022,9230.568974135853
14609,,,,2264.0,13723.243491828862,8030.029724828746,5067,4,28.01,9227.289352007476
14610,,,,2263.0,13724.243491828862,8031.029724828746,5068,4,27.997,9992.498168210457
14611,,,,2263.0,13725.243491828862,8032.029724828746,5069,4,27.986,8452.183370433017
14612,,,,2263.0,13726.243491828862,8033.029724828746,5070,4,27.976,7681.480382898469
14613,,,,2261.0,13727.243491828862,8034.029724828746,5071,4,27.963,9982.54755796095
14614,,,,2259.0,13728.243491828862,8035.029724828746,5072,4,27.951,9211.212079225777
14615,,,,2258.0,13729.243491828862,8036.029724828746,5073,4,27.939,9207.92902510013
14616,,,,2255.0,13730.243491828862,8037.029724828746,5074,4,27.925,10738.368513984884
14617,,,,2254.0,13731.243491828862,8038.029724828746,5075,4,27.911,10733.767962536087
14618,,,,2253.0,13732.243491828862,8039.029724828746,5076,4,27.899,9196.758111347974
14619,,,,2253.0,13733.243491828862,8040.029724828746,5077,4,27.886,9959.416846493034
14620,,,,2254.0,13734.243491828862,8041.029724828746,5078,4,27.874,9189.857005252876
14621,,,,2255.0,13735.243491828862,8042.029724828746,5079,4,27.865,6890.298632919701
14622,,,,2255.0,13736.243491828862,8043.029724828746,5080,4,27.856,6888.575012471306
14623,,,,2256.0,13737.243491828862,8044.029724828746,5081,4,27.849,5356.632040987397
14624,,,,2258.0,13738.243491828862,8045.029724828746,5082,4,27.843,4590.661539281772
14625,,,,2260.0,13739.243491828862,8046.029724828746,5083,4,27.837,4590.00646575036
14626,,,,2261.0,13740.243491828862,8047.029724828746,5084,4,27.831,4589.351248218948
14627,,,,2260.0,13741.243491828862,8048.029724828746,5085,4,27.827,3059.2405210711477
14628,,,,2258.0,13742.243491828862,8049.029724828746,5086,4,27.821,4588.3701949999295
14629,,,,2256.0,13743.243491828862,8050.029724828746,5087,4,27.815,4587.714569468518
14630,,,,2256.0,13744.243491828862,8051.029724828746,5088,4,27.81,3822.617721166858
14631,,,,2259.0,13745.243491828862,8052.029724828746,5089,4,27.806,3057.8218481645213
14632,,,,2261.0,13746.243491828862,8053.029724828746,5090,4,27.805,764.4423468250291
14633,,,,2262.0,13747.243491828862,8054.029724828746,5091,4,27.802,2293.3289065504696
14634,,,,2261.0,13748.243491828862,8055.029724828746,5092,4,27.8,1528.8596692644894
14635,,,,2262.0,13749.243491828862,8056.029724828746,5093,4,27.797,2293.2500712457145
14636,,,,2265.0,13750.243491828862,8057.029724828746,5094,4,27.794,2293.1693578628615
14637,,,,2267.0,13751.243491828862,8058.029724828746,5095,4,27.791,2293.0886084800086
14638,,,,2269.0,13752.243491828862,8059.029724828746,5096,4,27.786,3821.542182726103
14639,,,,2271.0,13753.243491828862,8060.029724828746,5097,4,27.78,4585.276367201949
14640,,,,2273.0,13754.243491828862,8061.029724828746,5098,4,27.773,5348.626420912089
14641,,,,2276.0,13755.243491828862,8062.029724828746,5099,4,27.764,6875.324620251556
14642,,,,2277.0,13756.243491828862,8063.029724828746,5100,4,27.757,5346.322764367205
14643,,,,2277.0,13757.243491828862,8064.029724828746,5101,4,27.748,6872.362200125909
14644,,,,2279.0,13758.243491828862,8065.029724828746,5102,4,27.74,6107.339318998838
14645,,,,2280.0,13759.243491828862,8066.029724828746,5103,4,27.731,6869.150961614698
14646,,,,2281.0,13760.243491828862,8067.029724828746,5104,4,27.72,8393.21188052155
14647,,,,2282.0,13761.243491828862,8068.029724828746,5105,4,27.71,7627.857267519221
14648,,,,2286.0,13762.243491828862,8069.029724828746,5106,4,27.7,7625.659118823564
14649,,,,2291.0,13763.243491828862,8070.029724828746,5107,4,27.695,3812.074366148541
14650,,,,2293.0,13764.243491828862,8071.029724828746,5108,4,27.686,6860.498119389028
14651,,,,2293.0,13765.243491828862,8072.029724828746,5109,4,27.679,5334.788941476839
14652,,,,2294.0,13766.243491828862,8073.029724828746,5110,4,27.672,5333.827404611932
14653,,,,2295.0,13767.243491828862,8074.029724828746,5111,4,27.664,6094.593486910064
14654,,,,2296.0,13768.243491828862,8075.029724828746,5112,4,27.655,6854.809155520587
14655,,,,2296.0,13769.243491828862,8076.029724828746,5113,4,27.645,7614.391650982551
14656,,,,2297.0,13770.243491828862,8077.029724828746,5114,4,27.635,7612.19060228148
14657,,,,2301.0,13771.243491828862,8078.029724828746,5115,4,27.625,7609.989153585819
14658,,,,2303.0,13772.243491828862,8079.029724828746,5116,4,27.616,6847.132524589323
14659,,,,2305.0,13773.243491828862,8080.029724828746,5117,4,27.606,7605.860521056221
14660,,,,2306.0,13774.243491828862,8081.029724828746,5118,4,27.596,7603.6578923605575
14661,,,,2308.0,13775.243491828862,8082.029724828746,5119,4,27.586,7601.45486366219
14662,,,,2310.0,13776.243491828862,8083.029724828746,5120,4,27.575,8359.025039779906
14663,,,,2313.0,13777.243491828862,8084.029724828746,5121,4,27.563,9115.795819829862
14664,,,,2317.0,13778.243491828862,8085.029724828746,5122,4,27.551,9112.489341704215
14665,,,,2320.0,13779.243491828862,8086.029724828746,5123,4,27.539,9109.182287575872
14666,,,,2321.0,13780.243491828862,8087.029724828746,5124,4,27.527,9105.874657452923
14667,,,,2324.0,13781.243491828862,8088.029724828746,5125,4,27.514,9860.934499440053
14668,,,,2328.0,13782.243491828862,8089.029724828746,5126,4,27.504,7582.714724332895
14669,,,,2333.0,13783.243491828862,8090.029724828746,5127,4,27.498,4548.635751225599
14670,,,,2334.0,13784.243491828862,8091.029724828746,5128,4,27.496,1516.1013731811258
14734,,,,2461.0,13848.243491828862,8155.029724828746,5192,4,27.49,4568.757099850383
14735,,,,2464.0,13849.243491828862,8156.029724828746,5193,4,27.482,6090.564905861858
14736,,,,2467.0,13850.243491828862,8157.029724828746,5194,4,27.474,6089.231850694905
14737,,,,2470.0,13851.243491828862,8158.029724828746,5195,4,27.465,6848.761195778532
14738,,,,2475.0,13852.243491828862,8159.029724828746,5196,4,27.458,5325.647385113119
14739,,,,2480.0,13853.243491828862,8160.029724828746,5197,4,27.45,6085.231149194043
14740,,,,2482.0,13854.243491828862,8161.029724828746,5198,4,27.442,6083.897070027089
14741,,,,2485.0,13855.243491828862,8162.029724828746,5199,4,27.432,7602.926313707358
14742,,,,2488.0,13856.243491828862,8163.029724828746,5200,4,27.422,7600.703805006292
14743,,,,2491.0,13857.243491828862,8164.029724828746,5201,4,27.41,9117.844501727868
14744,,,,2495.0,13858.243491828862,8165.029724828746,5202,4,27.397,9873.87376373791
14745,,,,2499.0,13859.243491828862,8166.029724828746,5203,4,27.385,9110.844923630073
14746,,,,2503.0,13860.243491828862,8167.029724828746,5204,4,27.373,9107.510557507123
14747,,,,2507.0,13861.243491828862,8168.029724828746,5205,4,27.362,8345.646787779893
14748,,,,2511.0,13862.243491828862,8169.029724828746,5206,4,27.353,6826.253873896309
14749,,,,2517.0,13863.243491828862,8170.029724828746,5207,4,27.349,3033.388581961103
14750,,,,2519.0,13864.243491828862,8171.029724828746,5208,4,27.343,4549.579230330797
14751,,,,2521.0,13865.243491828862,8172.029724828746,5209,4,27.342,758.220840351588
14877,,,,2880.0,13991.243491828862,8298.029724828746,5335,4,27.336,4590.079269877485
14878,,,,2881.0,13992.243491828862,8299.029724828746,5336,4,27.32,12236.160964629025
14879,,,,2882.0,13993.243491828862,8300.029724828746,5337,4,27.306,10701.528865784509
14880,,,,2883.0,13994.243491828862,8301.029724828746,5338,4,27.29,12224.475482879585
14881,,,,2885.0,13995.243491828862,8302.029724828746,5339,4,27.276,10691.302389251372
14882,,,,2886.0,13996.243491828862,8303.029724828746,5340,4,27.262,10686.579785802576
14883,,,,2887.0,13997.243491828862,8304.029724828746,5341,4,27.247,11444.636182441925
14884,,,,2888.0,13998.243491828862,8305.029724828746,5342,4,27.232,11439.154607870601
14885,,,,2889.0,13999.243491828862,8306.029724828746,5343,4,27.218,10671.623313820643
14886,,,,2891.0,14000.243491828862,8307.029724828746,5344,4,27.202,12190.292013203883
14887,,,,2893.0,14001.243491828862,8308.029724828746,5345,4,27.186,12183.994096538774
14888,,,,2895.0,14002.243491828862,8309.029724828746,5346,4,27.17,12177.695155868252
14889,,,,2896.0,14003.243491828862,8310.029724828746,5347,4,27.155,11410.893040404477
14890,,,,2897.0,14004.243491828862,8311.029724828746,5348,4,27.14,11405.406005833152
14891,,,,2898.0,14005.243491828862,8312.029724828746,5349,4,27.125,11399.918071261829
14892,,,,2899.0,14006.243491828862,8313.029724828746,5350,4,27.11,11394.429236690507
14893,,,,2900.0,14007.243491828862,8314.029724828746,5351,4,27.095,11388.939502119183
14894,,,,2900.0,14008.243491828862,8315.029724828746,5352,4,27.08,11383.448867547859
14895,,,,2902.0,14009.243491828862,8316.029724828746,5353,4,27.065,11377.957332973841
14896,,,,2903.0,14010.243491828862,8317.029724828746,5354,4,27.049,12130.40506107059
14897,,,,2905.0,14011.243491828862,8318.029724828746,5355,4,27.035,10608.977302168514
14898,,,,2906.0,14012.243491828862,8319.029724828746,5356,4,27.019,12118.684955318433
14899,,,,2908.0,14013.243491828862,8320.029724828746,5357,4,27.005,10598.720529635379
14900,,,,2909.0,14014.243491828862,8321.029724828746,5358,4,26.989,12106.961009563587
14901,,,,2912.0,14015.243491828862,8322.029724828746,5359,4,26.973,12100.649108898459
14902,,,,2913.0,14016.243491828862,8323.029724828746,5360,4,26.956,12849.993919603849
14903,,,,2916.0,14017.243491828862,8324.029724828746,5361,4,26.939,12842.808745865572
14904,,,,2921.0,14018.243491828862,8325.029724828746,5362,4,26.921,13590.40670045876
14905,,,,2926.0,14019.243491828862,8326.029724828746,5363,4,26.906,11319.20729152051
14906,,,,2932.0,14020.243491828862,8327.029724828746,5364,4,26.89,12067.728302181478
14907,,,,2937.0,14021.243491828862,8328.029724828746,5365,4,26.874,12061.41016151634
14908,,,,2940.0,14022.243491828862,8329.029724828746,5366,4,26.858,12055.090996845847
14909,,,,2945.0,14023.243491828862,8330.029724828746,5367,4,26.842,12048.770808180707
14910,,,,2948.0,14024.243491828862,8331.029724828746,5368,4,26.828,10537.536074889878
14911,,,,2955.0,14025.243491828862,8332.029724828746,5369,4,26.814,10532.789559441082
14912,,,,2962.0,14026.243491828862,8333.029724828746,5370,4,26.802,9024.372852695096
14913,,,,2967.0,14027.243491828862,8334.029724828746,5371,4,26.79,9020.97639856945
14914,,,,2970.0,14028.243491828862,8335.029724828746,5372,4,26.779,8266.268731751006
14915,,,,2970.0,14029.243491828862,8336.029724828746,5373,4,26.768,8263.462913825984
14916,,,,2971.0,14030.243491828862,8337.029724828746,5374,4,26.757,8260.656611900962
14917,,,,2972.0,14031.243491828862,8338.029724828746,5375,4,26.744,9758.912254733626
14918,,,,2973.0,14032.243491828862,8339.029724828746,5376,4,26.732,9004.659035628823
14919,,,,2975.0,14033.243491828862,8340.029724828746,5377,4,26.719,9751.18167246127
14920,,,,2975.0,14034.243491828862,8341.029724828746,5378,4,26.705,10496.715940306685
14921,,,,2976.0,14035.243491828862,8342.029724828746,5379,4,26.691,10491.962060855225
14922,,,,2978.0,14036.243491828862,8343.029724828746,5380,4,26.675,11984.930722957704
14923,,,,2982.0,14037.243491828862,8344.029724828746,5381,4,26.659,11978.59751029255
14924,,,,2987.0,14038.243491828862,8345.029724828746,5382,4,26.645,10476.12343523775
14925,,,,2989.0,14039.243491828862,8346.029724828746,5383,4,26.63,11219.110455408165
14926,,,,2992.0,14040.243491828862,8347.029724828746,5384,4,26.616,10466.215269522385
14927,,,,2994.0,14041.243491828862,8348.029724828746,5385,4,26.603,9714.39218608992
14928,,,,2997.0,14042.243491828862,8349.029724828746,5386,4,26.589,10457.090221445216
14929,,,,2999.0,14043.243491828862,8350.029724828746,5387,4,26.576,9705.917523158658
14930,,,,3000.0,14044.243491828862,8351.029724828746,5388,4,26.562,10447.962149362742
14931,,,,3000.0,14045.243491828862,8352.029724828746,5389,4,26.548,10443.200345916594
14932,,,,3000.0,14046.243491828862,8353.029724828746,5390,4,26.533,11183.829761844292
14933,,,,3001.0,14047.243491828862,8354.029724828746,5391,4,26.516,12668.267739968744
14934,,,,3005.0,14048.243491828862,8355.029724828746,5392,4,26.5,11916.50683140347
14935,,,,3007.0,14049.243491828862,8356.029724828746,5393,4,26.484,11910.161874735655
14936,,,,3010.0,14050.243491828862,8357.029724828746,5394,4,26.467,12647.565533311352
14937,,,,3012.0,14051.243491828862,8358.029724828746,5395,4,26.453,10410.285278225681
14938,,,,3014.0,14052.243491828862,8359.029724828746,5396,4,26.437,11891.570532523947
14939,,,,3014.0,14053.243491828862,8360.029724828746,5397,4,26.422,11142.60596601915
14940,,,,3013.0,14054.243491828862,8361.029724828746,5398,4,26.407,11137.074441447827
14941,,,,3013.0,14055.243491828862,8362.029724828746,5399,4,26.391,11873.419934106612
14942,,,,3013.0,14056.243491828862,8363.029724828746,5400,4,26.374,12608.520693387547
14943,,,,3012.0,14057.243491828862,8364.029724828746,5401,4,26.358,11860.265020976607
14944,,,,3013.0,14058.243491828862,8365.029724828746,5402,4,26.341,12594.541354189716
14945,,,,3014.0,14059.243491828862,8366.029724828746,5403,4,26.326,11106.872654762681
14946,,,,3017.0,14060.243491828862,8367.029724828746,5404,4,26.31,11841.199622975788
14947,,,,3019.0,14061.243491828862,8368.029724828746,5405,4,26.295,11095.375708312651
14948,,,,3020.0,14062.243491828862,8369.029724828746,5406,4,26.279,11828.934229431894
14949,,,,3021.0,14063.243491828862,8370.029724828746,5407,4,26.264,11083.875041867877
14950,,,,3020.0,14064.243491828862,8371.029724828746,5408,4,26.25,10339.97555821813
14951,,,,3021.0,14065.243491828862,8372.029724828746,5409,4,26.234,11811.203830801036
14952,,,,3022.0,14066.243491828862,8373.029724828746,5410,4,26.218,11804.841658135841
14953,,,,3023.0,14067.243491828862,8374.029724828746,5411,4,26.204,10324.062536600655
14954,,,,3024.0,14068.243491828862,8375.029724828746,5412,4,26.188,11793.014608383683
14955,,,,3023.0,14069.243491828862,8376.029724828746,5413,4,26.171,12523.075839806947
14956,,,,3023.0,14070.243491828862,8377.029724828746,5414,4,26.155,11779.832975253696
14957,,,,3025.0,14071.243491828862,8378.029724828746,5415,4,26.139,11773.465714588494
14958,,,,3027.0,14072.243491828862,8379.029724828746,5416,4,26.124,11031.864924202195
14959,,,,3030.0,14073.243491828862,8380.029724828746,5417,4,26.108,11761.178465041987
14960,,,,3031.0,14074.243491828862,8381.029724828746,5418,4,26.094,10285.851222645824
14961,,,,3033.0,14075.243491828862,8382.029724828746,5419,4,26.078,11749.337655292442
14962,,,,3035.0,14076.243491828862,8383.029724828746,5420,4,26.061,12476.66141014751
14963,,,,3035.0,14077.243491828862,8384.029724828746,5421,4,26.046,11002.843899431315
14964,,,,3037.0,14078.243491828862,8385.029724828746,5422,4,26.032,10264.334703944009
14965,,,,3037.0,14079.243491828862,8386.029724828746,5423,4,26.019,9526.903138912621
14966,,,,3036.0,14080.243491828862,8387.029724828746,5424,4,26.007,8790.464974868391
14967,,,,3035.0,14081.243491828862,8388.029724828746,5425,4,25.994,9519.103656642932
14968,,,,3032.0,14082.243491828862,8389.029724828746,5426,4,25.983,8051.480469722114
14969,,,,3027.0,14083.243491828862,8390.029724828746,5427,4,25.968,10974.578739660434
14970,,,,3021.0,14084.243491828862,8391.029724828746,5428,4,25.952,11700.062753530783
14971,,,,3016.0,14085.243491828862,8392.029724828746,5429,4,25.938,10232.365987076113
14972,,,,3013.0,14086.243491828862,8393.029724828746,5430,4,25.924,10227.57063962472
14973,,,,3010.0,14087.243491828862,8394.029724828746,5431,4,25.911,9492.759463184968
14974,,,,3006.0,14088.243491828862,8395.029724828746,5432,4,25.9,8029.185819108629
14975,,,,3004.0,14089.243491828862,8396.029724828746,5433,4,25.889,8026.346143181014
14976,,,,2997.0,14090.243491828862,8397.029724828746,5434,4,25.877,8752.746535176486
14977,,,,2990.0,14091.243491828862,8398.029724828746,5435,4,25.864,9478.235383637955
14978,,,,2983.0,14092.243491828862,8399.029724828746,5436,4,25.852,8745.53357308139
14979,,,,2977.0,14093.243491828862,8400.029724828746,5437,4,25.838,10198.716585296399
14980,,,,2973.0,14094.243491828862,8401.029724828746,5438,4,25.822,11649.737900607368
14981,,,,2968.0,14095.243491828862,8402.029724828746,5439,4,25.806,11643.347695936965
14982,,,,2963.0,14096.243491828862,8403.029724828746,5440,4,25.792,10182.731603678923
14983,,,,2961.0,14097.243491828862,8404.029724828746,5441,4,25.778,10177.927856232709
14984,,,,2960.0,14098.243491828862,8405.029724828746,5442,4,25.765,9446.654935889992
14985,,,,2959.0,14099.243491828862,8406.029724828746,5443,4,25.751,10168.712788150304
14986,,,,2959.0,14100.243491828862,8407.029724828746,5444,4,25.737,10163.906716704087
14987,,,,2957.0,14101.243491828862,8408.029724828746,5445,4,25.724,9433.633187327705
14988,,,,2953.0,14102.243491828862,8409.029724828746,5446,4,25.71,10154.687084621686
14989,,,,2944.0,14103.243491828862,8410.029724828746,5447,4,25.694,11599.41005526483
14990,,,,2940.0,14104.243491828862,8411.029724828746,5448,4,25.68,10144.279672088549
14991,,,,2935.0,14105.243491828862,8412.029724828746,5449,4,25.663,12311.493782216086
14992,,,,2931.0,14106.243491828862,8413.029724828746,5450,4,25.647,11580.661657053119
14993,,,,2929.0,14107.243491828862,8414.029724828746,5451,4,25.63,12297.411117018253
14994,,,,2927.0,14108.243491828862,8415.029724828746,5452,4,25.615,10844.654066081961
14995,,,,2927.0,14109.243491828862,8416.029724828746,5453,4,25.599,11561.4527390471
14996,,,,2926.0,14110.243491828862,8417.029724828746,5454,4,25.585,10111.061840400287
14997,,,,2925.0,14111.243491828862,8418.029724828746,5455,4,25.569,11549.54479329751
14998,,,,2924.0,14112.243491828862,8419.029724828746,5456,4,25.555,10100.640707867151
14999,,,,2924.0,14113.243491828862,8420.029724828746,5457,4,25.541,10095.824052418355
15000,,,,2924.0,14114.243491828862,8421.029724828746,5458,4,25.527,10091.006612969557
15001,,,,2923.0,14115.243491828862,8422.029724828746,5459,4,25.514,9365.929859864887
15002,,,,2920.0,14116.243491828862,8423.029724828746,5460,4,25.502,8641.851335750021
15003,,,,2918.0,14117.243491828862,8424.029724828746,5461,4,25.488,10077.735439076481
15004,,,,2917.0,14118.243491828862,8425.029724828746,5462,4,25.475,9353.604559961615
15005,,,,2915.0,14119.243491828862,8426.029724828746,5463,4,25.46,10787.455008844956
15006,,,,2913.0,14120.243491828862,8427.029724828746,5464,4,25.446,10063.271612730092
15007,,,,2912.0,14121.243491828862,8428.029724828746,5465,4,25.43,11494.91814224585
15008,,,,2911.0,14122.243491828862,8429.029724828746,5466,4,25.414,11488.501569575481
15009,,,,2910.0,14123.243491828862,8430.029724828746,5467,4,25.4,10047.218927115166
15010,,,,2910.0,14124.243491828862,8431.029724828746,5468,4,25.386,10042.393619663819
15011,,,,2910.0,14125.243491828862,8432.029724828746,5469,4,25.372,10037.567528215022
15012,,,,2908.0,14126.243491828862,8433.029724828746,5470,4,25.357,10749.153091455202
15013,,,,2906.0,14127.243491828862,8434.029724828746,5471,4,25.343,10027.517430499658
15014,,,,2903.0,14128.243491828862,8435.029724828746,5472,4,25.327,11454.049563694234
15015,,,,2901.0,14129.243491828862,8436.029724828746,5473,4,25.311,11447.62611102896
15016,,,,2898.0,14130.243491828862,8437.029724828746,5474,4,25.296,10726.338485865155
15017,,,,2897.0,14131.243491828862,8438.029724828746,5475,4,25.28,11435.228333482524
15018,,,,2897.0,14132.243491828862,8439.029724828746,5476,4,25.263,12142.86170772722
15019,,,,2896.0,14133.243491828862,8440.029724828746,5477,4,25.246,12135.55192399148
15020,,,,2894.0,14134.243491828862,8441.029724828746,5478,4,25.229,12128.240984250664
15021,,,,2892.0,14135.243491828862,8442.029724828746,5479,4,25.214,10695.361311875255
15022,,,,2890.0,14136.243491828862,8443.029724828746,5480,4,25.197,12114.576901331555
15023,,,,2890.0,14137.243491828862,8444.029724828746,5481,4,25.179,12819.200006599158
15024,,,,2891.0,14138.243491828862,8445.029724828746,5482,4,25.164,10676.423881634983
15025,,,,2890.0,14139.243491828862,8446.029724828746,5483,4,25.148,11381.977896975573
15026,,,,2889.0,14140.243491828862,8447.029724828746,5484,4,25.133,10664.783745190109
15027,,,,2887.0,14141.243491828862,8448.029724828746,5485,4,25.116,12079.91685175506
15028,,,,2885.0,14142.243491828862,8449.029724828746,5486,4,25.1,11362.6703869696
15029,,,,2883.0,14143.243491828862,8450.029724828746,5487,4,25.083,12065.75659855975
15030,,,,2882.0,14144.243491828862,8451.029724828746,5488,4,25.066,12058.434336818951
15031,,,,2882.0,14145.243491828862,8452.029724828746,5489,4,25.049,12051.110919080675
15032,,,,2882.0,14146.243491828862,8453.029724828746,5490,4,25.032,12043.786345342398
15033,,,,2882.0,14147.243491828862,8454.029724828746,5491,4,25.016,11328.659876466081
15034,,,,2880.0,14148.243491828862,8455.029724828746,5492,4,24.999,12029.614770144566
15035,,,,2878.0,14149.243491828862,8456.029724828746,5493,4,24.984,10608.32456177912
15036,,,,2876.0,14150.243491828862,8457.029724828746,5494,4,24.968,11309.327406462631
15037,,,,2874.0,14151.243491828862,8458.029724828746,5495,4,24.951,12009.070705765902
15038,,,,2873.0,14152.243491828862,8459.029724828746,5496,4,24.938,9178.536582331235
15039,,,,2870.0,14153.243491828862,8460.029724828746,5497,4,24.922,11290.891528040149
15040,,,,2867.0,14154.243491828862,8461.029724828746,5498,4,24.907,10579.376984315506
15041,,,,2864.0,14155.243491828862,8462.029724828746,5499,4,24.893,9869.035762502623
15042,,,,2862.0,14156.243491828862,8463.029724828746,5500,4,24.877,11272.89981741442
15043,,,,2859.0,14157.243491828862,8464.029724828746,5501,4,24.862,10562.507010601536
15044,,,,2856.0,14158.243491828862,8465.029724828746,5502,4,24.846,11260.447479868024
15045,,,,2855.0,14159.243491828862,8466.029724828746,5503,4,24.831,10550.831084154135
15046,,,,2853.0,14160.243491828862,8467.029724828746,5504,4,24.814,11950.749898580965
15047,,,,2852.0,14161.243491828862,8468.029724828746,5505,4,24.798,11241.081793867073
15048,,,,2850.0,14162.243491828862,8469.029724828746,5506,4,24.781,11936.547791383133
15049,,,,2847.0,14163.243491828862,8470.029724828746,5507,4,24.764,11929.204279644857
15050,,,,2847.0,14164.243491828862,8471.029724828746,5508,4,24.747,11921.85961190658
15051,,,,2845.0,14165.243491828862,8472.029724828746,5509,4,24.728,13315.68301340527
15052,,,,2845.0,14166.243491828862,8473.029724828746,5510,4,24.711,11906.203503875071
15053,,,,2845.0,14167.243491828862,8474.029724828746,5511,4,24.694,11898.855300134304
15054,,,,2845.0,14168.243491828862,8475.029724828746,5512,4,24.677,11891.505940396028
15055,,,,2845.0,14169.243491828862,8476.029724828746,5513,4,24.66,11884.155424657753
15056,,,,2844.0,14170.243491828862,8477.029724828746,5514,4,24.642,12575.184203415114
15057,,,,2845.0,14171.243491828862,8478.029724828746,5515,4,24.625,11868.969102902476
15058,,,,2844.0,14172.243491828862,8479.029724828746,5516,4,24.606,13256.560667577158
15059,,,,2842.0,14173.243491828862,8480.029724828746,5517,4,24.589,11853.296130870955
15060,,,,2841.0,14174.243491828862,8481.029724828746,5518,4,24.57,13239.041080480336
15061,,,,2840.0,14175.243491828862,8482.029724828746,5519,4,24.553,11837.61826283448
15062,,,,2840.0,14176.243491828862,8483.029724828746,5520,4,24.535,12525.901929484588
15063,,,,2838.0,14177.243491828862,8484.029724828746,5521,4,24.515,13907.875865483817
15064,,,,2836.0,14178.243491828862,8485.029724828746,5522,4,24.496,13202.907943783786
15065,,,,2834.0,14179.243491828862,8486.029724828746,5523,4,24.476,13887.718245636564
15066,,,,2833.0,14180.243491828862,8487.029724828746,5524,4,24.457,13183.755240926428
15067,,,,2833.0,14181.243491828862,8488.029724828746,5525,4,24.437,13867.554385789312
15068,,,,2833.0,14182.243491828862,8489.029724828746,5526,4,24.417,13857.18647099585
15069,,,,2832.0,14183.243491828862,8490.029724828746,5527,4,24.399,12462.645857348592
15070,,,,2832.0,14184.243491828862,8491.029724828746,5528,4,24.38,13145.9710524718
15071,,,,2833.0,14185.243491828862,8492.029724828746,5529,4,24.362,12445.508489017473
15072,,,,2832.0,14186.243491828862,8493.029724828746,5530,4,24.343,13127.87879611983
15073,,,,2830.0,14187.243491828862,8494.029724828746,5531,4,24.324,13118.56100131873
15074,,,,2826.0,14188.243491828862,8495.029724828746,5532,4,24.307,11729.803977271278
15075,,,,2825.0,14189.243491828862,8496.029724828746,5533,4,24.289,12411.728581118497
15076,,,,2823.0,14190.243491828862,8497.029724828746,5534,4,24.27,13092.216640675948
15077,,,,2821.0,14191.243491828862,8498.029724828746,5535,4,24.252,12394.57530078983
15078,,,,2819.0,14192.243491828862,8499.029724828746,5536,4,24.233,13074.10758832399
15079,,,,2818.0,14193.243491828862,8500.029724828746,5537,4,24.215,12377.416692458713
15080,,,,2818.0,14194.243491828862,8501.029724828746,5538,4,24.196,13055.992911974481
15081,,,,2817.0,14195.243491828862,8502.029724828746,5539,4,24.178,12360.252756127598
15082,,,,2817.0,14196.243491828862,8503.029724828746,5540,4,24.159,13037.872611627408
15083,,,,2815.0,14197.243491828862,8504.029724828746,5541,4,24.142,11657.59798427967
15084,,,,2813.0,14198.243491828862,8505.029724828746,5542,4,24.124,12335.26356677948
15085,,,,2811.0,14199.243491828862,8506.029724828746,5543,4,24.105,13011.49097297974
15086,,,,2808.0,14200.243491828862,8507.029724828746,5544,4,24.087,12318.086418448363
15087,,,,2805.0,14201.243491828862,8508.029724828746,5545,4,24.07,11626.117808211673
15088,,,,2804.0,14202.243491828862,8509.029724828746,5546,4,24.051,12985.097022336937
15089,,,,2805.0,14203.243491828862,8510.029724828746,5547,4,24.033,12293.07768109782
15090,,,,2805.0,14204.243491828862,8511.029724828746,5548,4,24.018,10237.921560388419
15091,,,,2804.0,14205.243491828862,8512.029724828746,5549,4,24.001,11596.066982979844
15092,,,,2802.0,14206.243491828862,8513.029724828746,5550,4,23.985,10907.212803183616
15093,,,,2799.0,14207.243491828862,8514.029724828746,5551,4,23.968,11581.759101782012
15094,,,,2795.0,14208.243491828862,8515.029724828746,5552,4,23.951,11574.361938043736
15095,,,,2793.0,14209.243491828862,8516.029724828746,5553,4,23.934,11566.963618305459
15096,,,,2791.0,14210.243491828862,8517.029724828746,5554,4,23.916,12239.282719512663
15097,,,,2789.0,14211.243491828862,8518.029724828746,5555,4,23.899,11551.680328550183
15098,,,,2788.0,14212.243491828862,8519.029724828746,5556,4,23.881,12223.097892712958
15099,,,,2787.0,14213.243491828862,8520.029724828746,5557,4,23.862,12893.074796578614
15100,,,,2785.0,14214.243491828862,8521.029724828746,5558,4,23.845,11528.021542499186
15101,,,,2783.0,14215.243491828862,8522.029724828746,5559,4,23.828,11520.616150760909
15102,,,,2782.0,14216.243491828862,8523.029724828746,5560,4,23.811,11513.209603022631
15103,,,,2780.0,14217.243491828862,8524.029724828746,5561,4,23.796,10152.604663732835
15104,,,,2777.0,14218.243491828862,8525.029724828746,5562,4,23.779,11499.359880103522
15105,,,,2775.0,14219.243491828862,8526.029724828746,5563,4,23.762,11491.949932365245
15106,,,,2772.0,14220.243491828862,8527.029724828746,5564,4,23.745,11484.53882862697
15107,,,,2770.0,14221.243491828862,8528.029724828746,5565,4,23.728,11477.126568888692
15108,,,,2768.0,14222.243491828862,8529.029724828746,5566,4,23.71,12144.146161777257
15109,,,,2766.0,14223.243491828862,8530.029724828746,5567,4,23.693,11461.814991133417
15110,,,,2763.0,14224.243491828862,8531.029724828746,5568,4,23.676,11454.399229397533
15111,,,,2760.0,14225.243491828862,8532.029724828746,5569,4,23.658,12120.07815795816
15112,,,,2757.0,14226.243491828862,8533.029724828746,5570,4,23.641,11439.080545642253
15113,,,,2754.0,14227.243491828862,8534.029724828746,5571,4,23.624,11431.661281901586
15114,,,,2751.0,14228.243491828862,8535.029724828746,5572,4,23.605,12767.728525635013
15115,,,,2748.0,14229.243491828862,8536.029724828746,5573,4,23.589,10744.558677655143
15116,,,,2744.0,14230.243491828862,8537.029724828746,5574,4,23.57,12750.597003790883
15117,,,,2740.0,14231.243491828862,8538.029724828746,5575,4,23.552,12070.88380479573
15118,,,,2738.0,14232.243491828862,8539.029724828746,5576,4,23.533,12732.378511441373
15119,,,,2735.0,14233.243491828862,8540.029724828746,5577,4,23.515,12053.621516464615
15120,,,,2734.0,14234.243491828862,8541.029724828746,5578,4,23.496,12714.15439509424
15121,,,,2731.0,14235.243491828862,8542.029724828746,5579,4,23.48,10699.436772353263
15122,,,,2728.0,14236.243491828862,8543.029724828746,5580,4,23.461,12697.006609250106
15123,,,,2725.0,14237.243491828862,8544.029724828746,5581,4,23.443,12020.10603733142
15124,,,,2722.0,14238.243491828862,8545.029724828746,5582,4,23.425,12011.723927551087
15125,,,,2720.0,14239.243491828862,8546.029724828746,5583,4,23.406,12669.922227352181
15126,,,,2720.0,14240.243491828862,8547.029724828746,5584,4,23.39,10662.1829510968
15127,,,,2718.0,14241.243491828862,8548.029724828746,5585,4,23.373,11321.375579942323
15128,,,,2717.0,14242.243491828862,8549.029724828746,5586,4,23.355,11979.207969951678
15129,,,,2715.0,14243.243491828862,8550.029724828746,5587,4,23.338,11306.016062187047
15130,,,,2713.0,14244.243491828862,8551.029724828746,5588,4,23.321,11298.57667044877
15131,,,,2712.0,14245.243491828862,8552.029724828746,5589,4,23.304,11291.136122712853
15132,,,,2710.0,14246.243491828862,8553.029724828746,5590,4,23.288,10620.175628339475
15133,,,,2709.0,14247.243491828862,8554.029724828746,5591,4,23.271,11276.735965512662
15134,,,,2709.0,14248.243491828862,8555.029724828746,5592,4,23.255,10606.62042721446
15135,,,,2709.0,14249.243491828862,8556.029724828746,5593,4,23.238,11262.33132031483
15136,,,,2709.0,14250.243491828862,8557.029724828746,5594,4,23.221,11254.885060576553
15137,,,,2708.0,14251.243491828862,8558.029724828746,5595,4,23.207,9263.194259740394
15138,,,,2707.0,14252.243491828862,8559.029724828746,5596,4,23.19,11241.442801936166
15139,,,,2705.0,14253.243491828862,8560.029724828746,5597,4,23.172,11894.559745827506
15140,,,,2704.0,14254.243491828862,8561.029724828746,5598,4,23.155,11226.057750180891
15141,,,,2703.0,14255.243491828862,8562.029724828746,5599,4,23.139,10558.915875372788
15142,,,,2701.0,14256.243491828862,8563.029724828746,5600,4,23.122,11211.637362983058
15143,,,,2699.0,14257.243491828862,8564.029724828746,5601,4,23.105,11204.183113244782
15144,,,,2697.0,14258.243491828862,8565.029724828746,5602,4,23.089,10538.32479778586
15145,,,,2694.0,14259.243491828862,8566.029724828746,5603,4,23.072,11189.75596004695
15146,,,,2692.0,14260.243491828862,8567.029724828746,5604,4,23.055,11182.298276308673
15147,,,,2689.0,14261.243491828862,8568.029724828746,5605,4,23.039,10517.724120196595
15148,,,,2685.0,14262.243491828862,8569.029724828746,5606,4,23.022,11167.864357113176
15149,,,,2682.0,14263.243491828862,8570.029724828746,5607,4,23.006,10504.137143069225
15150,,,,2680.0,14264.243491828862,8571.029724828746,5608,4,22.991,9841.686118405156
15151,,,,2677.0,14265.243491828862,8572.029724828746,5609,4,22.976,9835.956713833832
15152,,,,2674.0,14266.243491828862,8573.029724828746,5610,4,22.96,10485.346576649255
15153,,,,2672.0,14267.243491828862,8574.029724828746,5611,4,22.944,10478.776723983767
15154,,,,2669.0,14268.243491828862,8575.029724828746,5612,4,22.931,8509.22371243821
15155,,,,2668.0,14269.243491828862,8576.029724828746,5613,4,22.915,10467.003794023347
15156,,,,2666.0,14270.243491828862,8577.029724828746,5614,4,22.9,9806.868083672462
15157,,,,2664.0,14271.243491828862,8578.029724828746,5615,4,22.886,9147.92416323584
15158,,,,2662.0,14272.243491828862,8579.029724828746,5616,4,22.87,10448.65237139279
15159,,,,2658.0,14273.243491828862,8580.029724828746,5617,4,22.855,9789.660879958492
15160,,,,2656.0,14274.243491828862,8581.029724828746,5618,4,22.84,9783.92334538717
15161,,,,2653.0,14275.243491828862,8582.029724828746,5619,4,22.825,9778.184910815846
15162,,,,2649.0,14276.243491828862,8583.029724828746,5620,4,22.809,10423.713528096745
15163,,,,2646.0,14277.243491828862,8584.029724828746,5621,4,22.793,10417.133723431241
15164,,,,2641.0,14278.243491828862,8585.029724828746,5622,4,22.775,11711.35798984228
15165,,,,2638.0,14279.243491828862,8586.029724828746,5623,4,22.757,11702.925264057265
15166,,,,2635.0,14280.243491828862,8587.029724828746,5624,4,22.74,11045.040048513498
15167,,,,2632.0,14281.243491828862,8588.029724828746,5625,4,22.721,12335.552597257536
15168,,,,2629.0,14282.243491828862,8589.029724828746,5626,4,22.701,12974.561277716735
15169,,,,2627.0,14283.243491828862,8590.029724828746,5627,4,22.683,11668.15300739734
15170,,,,2625.0,14284.243491828862,8591.029724828746,5628,4,22.666,11012.19468788575
15171,,,,2623.0,14285.243491828862,8592.029724828746,5629,4,22.648,11651.787424597636
15172,,,,2620.0,14286.243491828862,8593.029724828746,5630,4,22.631,10996.735924130475
15173,,,,2618.0,14287.243491828862,8594.029724828746,5631,4,22.616,9696.823594122076
15174,,,,2615.0,14288.243491828862,8595.029724828746,5632,4,22.599,10982.729801211364
15175,,,,2614.0,14289.243491828862,8596.029724828746,5633,4,22.583,10329.865591166143
15176,,,,2613.0,14290.243491828862,8597.029724828746,5634,4,22.566,10968.233458013532
15177,,,,2610.0,14291.243491828862,8598.029724828746,5635,4,22.549,10960.740652275255
15178,,,,2609.0,14292.243491828862,8599.029724828746,5636,4,22.534,9665.058200132175
15179,,,,2606.0,14293.243491828862,8600.029724828746,5637,4,22.518,10303.027292700848
15180,,,,2606.0,14294.243491828862,8601.029724828746,5638,4,22.502,10296.429472035317
15181,,,,2604.0,14295.243491828862,8602.029724828746,5639,4,22.486,10289.830627365216
15182,,,,2602.0,14296.243491828862,8603.029724828746,5640,4,22.47,10283.230758699683
15183,,,,2598.0,14297.243491828862,8604.029724828746,5641,4,22.454,10276.629866029585
15184,,,,2595.0,14298.243491828862,8605.029724828746,5642,4,22.438,10270.02794936405
15185,,,,2593.0,14299.243491828862,8606.029724828746,5643,4,22.421,10904.64598459882
15186,,,,2590.0,14300.243491828862,8607.029724828746,5644,4,22.406,9615.55522512355
15187,,,,2588.0,14301.243491828862,8608.029724828746,5645,4,22.389,10890.611437679709
15188,,,,2586.0,14302.243491828862,8609.029724828746,5646,4,22.375,8963.158787354761
15189,,,,2585.0,14303.243491828862,8610.029724828746,5647,4,22.359,10237.46070981443
15190,,,,2584.0,14304.243491828862,8611.029724828746,5648,4,22.343,10230.852681148886
15191,,,,2582.0,14305.243491828862,8612.029724828746,5649,4,22.328,9585.44298035267
15192,,,,2580.0,14306.243491828862,8613.029724828746,5650,4,22.315,8302.75716667311
15193,,,,2578.0,14307.243491828862,8614.029724828746,5651,4,22.303,7660.327081421333
15194,,,,2575.0,14308.243491828862,8615.029724828746,5652,4,22.289,8932.46471302644
15195,,,,2574.0,14309.243491828862,8616.029724828746,5653,4,22.277,7652.468945482431
15196,,,,2572.0,14310.243491828862,8617.029724828746,5654,4,22.263,8923.295431764389
15197,,,,2570.0,14311.243491828862,8618.029724828746,5655,4,22.248,9555.11638597228
15198,,,,2568.0,14312.243491828862,8619.029724828746,5656,4,22.234,8912.921010049024
15199,,,,2567.0,14313.243491828862,8620.029724828746,5657,4,22.218,10180.036795181564
15200,,,,2565.0,14314.243491828862,8621.029724828746,5658,4,22.203,9537.79515225831
15201,,,,2563.0,14315.243491828862,8622.029724828746,5659,4,22.189,8896.75204724932
15202,,,,2561.0,14316.243491828862,8623.029724828746,5660,4,22.174,9526.672650420418
15203,,,,2560.0,14317.243491828862,8624.029724828746,5661,4,22.16,8886.369421533956
15204,,,,2558.0,14318.243491828862,8625.029724828746,5662,4,22.145,9515.546668582527
15205,,,,2558.0,14319.243491828862,8626.029724828746,5663,4,22.129,10143.52298171458
15206,,,,2557.0,14320.243491828862,8627.029724828746,5664,4,22.114,9503.557992135125
15207,,,,2556.0,14321.243491828862,8628.029724828746,5665,4,22.099,9497.777077563802
15208,,,,2556.0,14322.243491828862,8629.029724828746,5666,4,22.083,10124.565791296856
15209,,,,2555.0,14323.243491828862,8630.029724828746,5667,4,22.067,10117.939202626794
15210,,,,2554.0,14324.243491828862,8631.029724828746,5668,4,22.05,10743.025052192896
15211,,,,2552.0,14325.243491828862,8632.029724828746,5669,4,22.034,10104.224545501667
15212,,,,2550.0,14326.243491828862,8633.029724828746,5670,4,22.018,10097.594852831608
15213,,,,2549.0,14327.243491828862,8634.029724828746,5671,4,22.002,10090.964136166032
15214,,,,2547.0,14328.243491828862,8635.029724828746,5672,4,21.988,8824.19203687731
15215,,,,2546.0,14329.243491828862,8636.029724828746,5673,4,21.973,9448.918097164687
15216,,,,2543.0,14330.243491828862,8637.029724828746,5674,4,21.957,10072.441545535561
15217,,,,2540.0,14331.243491828862,8638.029724828746,5675,4,21.944,8179.02696695318
15218,,,,2537.0,14332.243491828862,8639.029724828746,5676,4,21.93,8803.37991344658
15219,,,,2535.0,14333.243491828862,8640.029724828746,5677,4,21.919,6913.482332604759
15220,,,,2534.0,14334.243491828862,8641.029724828746,5678,4,21.905,8794.574415002302
15221,,,,2533.0,14335.243491828862,8642.029724828746,5679,4,21.893,7534.259933461732
15222,,,,2531.0,14336.243491828862,8643.029724828746,5680,4,21.879,8785.36470174025
15223,,,,2529.0,14337.243491828862,8644.029724828746,5681,4,21.866,8153.3753151517485
15224,,,,2526.0,14338.243491828862,8645.029724828746,5682,4,21.854,7522.416065553379
15225,,,,2524.0,14339.243491828862,8646.029724828746,5683,4,21.841,8145.192176879832
15226,,,,2521.0,14340.243491828862,8647.029724828746,5684,4,21.829,7514.861199458282
15227,,,,2520.0,14341.243491828862,8648.029724828746,5685,4,21.817,7511.254961332635
15228,,,,2519.0,14342.243491828862,8649.029724828746,5686,4,21.805,7507.648147206988
15229,,,,2516.0,14343.243491828862,8650.029724828746,5687,4,21.796,5628.417835385285
15230,,,,2515.0,14344.243491828862,8651.029724828746,5688,4,21.786,6251.508198607611
15231,,,,2512.0,14345.243491828862,8652.029724828746,5689,4,21.779,4374.653729051576
15232,,,,2510.0,14346.243491828862,8653.029724828746,5690,4,21.772,4373.552752189376
15233,,,,2508.0,14347.243491828862,8654.029724828746,5691,4,21.765,4372.451579324958
15234,,,,2505.0,14348.243491828862,8655.029724828746,5692,4,21.76,3122.536489908635
15235,,,,2504.0,14349.243491828862,8656.029724828746,5693,4,21.756,2497.6867191625333
15236,,,,2504.0,14350.243491828862,8657.029724828746,5694,4,21.749,4370.151401785008
15237,,,,2502.0,14351.243491828862,8658.029724828746,5695,4,21.743,3744.9856916798667
15238,,,,2501.0,14352.243491828862,8659.029724828746,5696,4,21.735,4992.054740301332
15239,,,,2497.0,14353.243491828862,8660.029724828746,5697,4,21.727,4990.565349134378
15240,,,,2496.0,14354.243491828862,8661.029724828746,5698,4,21.716,6859.505400170256
15241,,,,2494.0,14355.243491828862,8662.029724828746,5699,4,21.709,4363.635140429582
15242,,,,2493.0,14356.243491828862,8663.029724828746,5700,4,21.698,6854.776073747491
15243,,,,2491.0,14357.243491828862,8664.029724828746,1,5,21.694,2491.958038390584
15256,,,,2464.0,14370.243491828862,8677.029724828746,14,5,21.693,623.4817543785258
15257,,,,2465.0,14371.243491828862,8678.029724828746,15,5,21.677,9972.493283851
15258,,,,2467.0,14372.243491828862,8679.029724828746,16,5,21.66,10588.44857549125
15259,,,,2466.0,14373.243491828862,8680.029724828746,17,5,21.646,8714.267557199562
15260,,,,2463.0,14374.243491828862,8681.029724828746,18,5,21.634,7465.407099916521
15261,,,,2459.0,14375.243491828862,8682.029724828746,19,5,21.625,5596.727923917435
15262,,,,2453.0,14376.243491828862,8683.029724828746,20,5,21.615,6216.287685867771
15263,,,,2451.0,14377.243491828862,8684.029724828746,21,5,21.608,4349.993168129925
15264,,,,2451.0,14378.243491828862,8685.029724828746,22,5,21.597,6833.332110708649
15265,,,,2452.0,14379.243491828862,8686.029724828746,23,5,21.587,6209.532509512346
15266,,,,2453.0,14380.243491828862,8687.029724828746,24,5,21.573,8689.118327502265
15267,,,,2452.0,14381.243491828862,8688.029724828746,25,5,21.558,9304.161195691413
15268,,,,2451.0,14382.243491828862,8689.029724828746,26,5,21.543,9298.33615112009
15269,,,,2448.0,14383.243491828862,8690.029724828746,27,5,21.526,10531.022537142479
15270,,,,2447.0,14384.243491828862,8691.029724828746,28,5,21.509,10523.440617404201
15271,,,,2446.0,14385.243491828862,8692.029724828746,29,5,21.489,12370.733993232885
15272,,,,2445.0,14386.243491828862,8693.029724828746,30,5,21.469,12360.084958439422
15273,,,,2443.0,14387.243491828862,8694.029724828746,31,5,21.449,12349.434323645959
15274,,,,2441.0,14388.243491828862,8695.029724828746,32,5,21.427,13572.027215025639
15275,,,,2440.0,14389.243491828862,8696.029724828746,33,5,21.406,12943.023796196108
15276,,,,2441.0,14390.243491828862,8697.029724828746,34,5,21.383,14162.114961752706
15277,,,,2440.0,14391.243491828862,8698.029724828746,35,5,21.362,12918.227764223207
15278,,,,2440.0,14392.243491828862,8699.029724828746,36,5,21.342,12292.127321500931
15279,,,,2439.0,14393.243491828862,8700.029724828746,37,5,21.32,13508.98018466392
15280,,,,2438.0,14394.243491828862,8701.029724828746,38,5,21.3,12269.653152434661
15281,,,,2435.0,14395.243491828862,8702.029724828746,39,5,21.28,12258.989357641198
15282,,,,2433.0,14396.243491828862,8703.029724828746,40,5,21.258,13472.522924420391
15283,,,,2431.0,14397.243491828862,8704.029724828746,41,5,21.236,13459.522228718126
15284,,,,2429.0,14398.243491828862,8705.029724828746,42,5,21.216,12224.684654302117
15285,,,,2428.0,14399.243491828862,8706.029724828746,43,5,21.193,14045.122896634124
15286,,,,2427.0,14400.243491828862,8707.029724828746,44,5,21.171,13421.142136333665
15287,,,,2424.0,14401.243491828862,8708.029724828746,45,5,21.15,12798.975542171958
15288,,,,2421.0,14402.243491828862,8709.029724828746,46,5,21.127,14004.32390639293
15289,,,,2419.0,14403.243491828862,8710.029724828746,47,5,21.103,14597.97534383678
15290,,,,2418.0,14404.243491828862,8711.029724828746,48,5,21.081,13367.829364106017
15291,,,,2417.0,14405.243491828862,8712.029724828746,49,5,21.059,13354.813136403769
15292,,,,2415.0,14406.243491828862,8713.029724828746,50,5,21.037,13341.794972705835
15293,,,,2413.0,14407.243491828862,8714.029724828746,51,5,21.016,12723.224021799942
15294,,,,2409.0,14408.243491828862,8715.029724828746,52,5,20.995,12711.399064038
15295,,,,2406.0,14409.243491828862,8716.029724828746,53,5,20.973,13303.99687903284
15296,,,,2404.0,14410.243491828862,8717.029724828746,54,5,20.952,12687.13862629176
15297,,,,2400.0,14411.243491828862,8718.029724828746,55,5,20.93,13278.577398346299
15298,,,,2397.0,14412.243491828862,8719.029724828746,56,5,20.907,13868.195712255625
15299,,,,2394.0,14413.243491828862,8720.029724828746,57,5,20.885,13251.881984230335
15300,,,,2391.0,14414.243491828862,8721.029724828746,58,5,20.86,15043.064864161179
15301,,,,2391.0,14415.243491828862,8722.029724828746,59,5,20.837,13824.665381211937
15302,,,,2389.0,14416.243491828862,8723.029724828746,60,5,20.816,12610.075593468577
15303,,,,2388.0,14417.243491828862,8724.029724828746,61,5,20.794,13197.833037289056
15304,,,,2384.0,14418.243491828862,8725.029724828746,62,5,20.772,13184.791597591095
15305,,,,2381.0,14419.243491828862,8726.029724828746,63,5,20.75,13171.748221888876
15306,,,,2378.0,14420.243491828862,8727.029724828746,64,5,20.729,12560.882875749432
15307,,,,2374.0,14421.243491828862,8728.029724828746,65,5,20.706,13743.517153930177
15308,,,,2372.0,14422.243491828862,8729.029724828746,66,5,20.684,13132.60647878861
15309,,,,2370.0,14423.243491828862,8730.029724828746,67,5,20.661,13715.567049902093
15310,,,,2368.0,14424.243491828862,8731.029724828746,68,5,20.637,14296.617785413702
15311,,,,2366.0,14425.243491828862,8732.029724828746,69,5,20.616,12496.77596513721
15312,,,,2363.0,14426.243491828862,8733.029724828746,70,5,20.594,13079.120874560971
15313,,,,2360.0,14427.243491828862,8734.029724828746,71,5,20.573,12472.452989390968
15314,,,,2356.0,14428.243491828862,8735.029724828746,72,5,20.551,13053.635877876539
15315,,,,2353.0,14429.243491828862,8736.029724828746,73,5,20.53,12448.122789642617
15316,,,,2350.0,14430.243491828862,8737.029724828746,74,5,20.509,12436.258015884929
15317,,,,2347.0,14431.243491828862,8738.029724828746,75,5,20.486,13607.003019792872
15318,,,,2345.0,14432.243491828862,8739.029724828746,76,5,20.465,12411.310867912029
15319,,,,2343.0,14433.243491828862,8740.029724828746,77,5,20.444,12399.440718152235
15320,,,,2341.0,14434.243491828862,8741.029724828746,78,5,20.423,12387.56880439244
15321,,,,2338.0,14435.243491828862,8742.029724828746,79,5,20.402,12375.695126630553
15322,,,,2336.0,14436.243491828862,8743.029724828746,80,5,20.381,12363.819684872855
15323,,,,2334.0,14437.243491828862,8744.029724828746,81,5,20.36,12351.94247911306
15324,,,,2330.0,14438.243491828862,8745.029724828746,82,5,20.338,12927.36793986902
15325,,,,2326.0,14439.243491828862,8746.029724828746,83,5,20.317,12327.576327366818
15326,,,,2321.0,14440.243491828862,8747.029724828746,84,5,20.296,12315.693787607024
15327,,,,2318.0,14441.243491828862,8748.029724828746,85,5,20.273,13474.936566059934
15328,,,,2314.0,14442.243491828862,8749.029724828746,86,5,20.25,13460.58975944558
15329,,,,2311.0,14443.243491828862,8750.029724828746,87,5,20.227,13446.240836831224
15330,,,,2310.0,14444.243491828862,8751.029724828746,88,5,20.204,13431.889798216871
15331,,,,2309.0,14445.243491828862,8752.029724828746,89,5,20.182,12834.483280543185
15332,,,,2307.0,14446.243491828862,8753.029724828746,90,5,20.16,12821.387808841024
15333,,,,2304.0,14447.243491828862,8754.029724828746,91,5,20.138,12808.290401140936
15334,,,,2300.0,14448.243491828862,8755.029724828746,92,5,20.116,12795.191057442913
15335,,,,2298.0,14449.243491828862,8756.029724828746,93,5,20.095,12201.389131049
15336,,,,2296.0,14450.243491828862,8757.029724828746,94,5,20.072,13349.727397734485
15337,,,,2293.0,14451.243491828862,8758.029724828746,95,5,20.051,12176.372095076098
15338,,,,2290.0,14452.243491828862,8759.029724828746,96,5,20.027,13901.20835197088
15339,,,,2288.0,14453.243491828862,8760.029724828746,97,5,20.005,12729.029356228813
15340,,,,2286.0,14454.243491828862,8761.029724828746,98,5,19.985,11560.503944764478
15341,,,,2283.0,14455.243491828862,8762.029724828746,99,5,19.961,13858.29975659082
15342,,,,2280.0,14456.243491828862,8763.029724828746,100,5,19.94,12113.190002915142
15343,,,,2277.0,14457.243491828862,8764.029724828746,101,5,19.918,12677.209844142088
15344,,,,2273.0,14458.243491828862,8765.029724828746,102,5,19.896,12664.09114043995
15345,,,,2271.0,14459.243491828862,8766.029724828746,103,5,19.871,14375.018398490185
15346,,,,2266.0,14460.243491828862,8767.029724828746,104,5,19.849,12635.93917289885
15347,,,,2262.0,14461.243491828862,8768.029724828746,105,5,19.825,13769.64898307616
15348,,,,2260.0,14462.243491828862,8769.029724828746,106,5,19.8,14326.659959092152
15349,,,,2258.0,14463.243491828862,8770.029724828746,107,5,19.776,13737.535786383378
15350,,,,2255.0,14464.243491828862,8771.029724828746,108,5,19.752,13721.82280188079
15351,,,,2252.0,14465.243491828862,8772.029724828746,109,5,19.728,13706.107513376173
15352,,,,2248.0,14466.243491828862,8773.029724828746,110,5,19.705,13120.289731107461
15353,,,,2244.0,14467.243491828862,8774.029724828746,111,5,19.681,13675.364452058611
15354,,,,2240.0,14468.243491828862,8775.029724828746,112,5,19.657,13659.642299558049
15355,,,,2238.0,14469.243491828862,8776.029724828746,113,5,19.634,13075.754058861123
15356,,,,2237.0,14470.243491828862,8777.029724828746,114,5,19.609,14196.394133745194
15357,,,,2235.0,14471.243491828862,8778.029724828746,115,5,19.586,13045.60893923318
15358,,,,2233.0,14472.243491828862,8779.029724828746,116,5,19.562,13597.425317233294
15359,,,,2229.0,14473.243491828862,8780.029724828746,117,5,19.539,13016.12075680183
15360,,,,2226.0,14474.243491828862,8781.029724828746,118,5,19.517,12436.733183972237
15361,,,,2222.0,14475.243491828862,8782.029724828746,119,5,19.495,12423.58038027014
15362,,,,2219.0,14476.243491828862,8783.029724828746,120,5,19.472,12974.202943360015
15363,,,,2216.0,14477.243491828862,8784.029724828746,121,5,19.45,12396.631966158322
15364,,,,2215.0,14478.243491828862,8785.029724828746,122,5,19.429,11820.892203095547
15365,,,,2214.0,14479.243491828862,8786.029724828746,123,5,19.408,11808.937969333758
15366,,,,2211.0,14480.243491828862,8787.029724828746,124,5,19.387,11796.981971575962
15367,,,,2207.0,14481.243491828862,8788.029724828746,125,5,19.366,11785.024209816169
15368,,,,2203.0,14482.243491828862,8789.029724828746,126,5,19.345,11773.064684056375
15369,,,,2198.0,14483.243491828862,8790.029724828746,127,5,19.323,12320.837305523986
15370,,,,2195.0,14484.243491828862,8791.029724828746,128,5,19.303,11189.367782307394
15371,,,,2192.0,14485.243491828862,8792.029724828746,129,5,19.281,12295.769967553073
15372,,,,2188.0,14486.243491828862,8793.029724828746,130,5,19.259,12282.596131850998
15373,,,,2185.0,14487.243491828862,8794.029724828746,131,5,19.235,13384.126823387553
15374,,,,2183.0,14488.243491828862,8795.029724828746,132,5,19.213,12254.967687023538
15375,,,,2181.0,14489.243491828862,8796.029724828746,133,5,19.191,12241.787955325426
15376,,,,2179.0,14490.243491828862,8797.029724828746,134,5,19.169,12228.60628762336
15377,,,,2176.0,14491.243491828862,8798.029724828746,135,5,19.148,11660.480514404979
15378,,,,2174.0,14492.243491828862,8799.029724828746,136,5,19.126,12202.874802936822
15379,,,,2171.0,14493.243491828862,8800.029724828746,137,5,19.103,12743.430725329716
15380,,,,2170.0,14494.243491828862,8801.029724828746,138,5,19.082,11622.716442445628
15381,,,,2168.0,14495.243491828862,8802.029724828746,139,5,19.059,12715.850886502254
15382,,,,2165.0,14496.243491828862,8803.029724828746,140,5,19.037,12149.475625424786
15383,,,,2163.0,14497.243491828862,8804.029724828746,141,5,19.014,12687.596078474167
15384,,,,2161.0,14498.243491828862,8805.029724828746,142,5,18.99,13223.789895923637
15385,,,,2161.0,14499.243491828862,8806.029724828746,143,5,18.967,12657.999060044833
15386,,,,2159.0,14500.243491828862,8807.029724828746,144,5,18.945,12094.131087767904
15387,,,,2156.0,14501.243491828862,8808.029724828746,145,5,18.921,13178.4980654787
15388,,,,2154.0,14502.243491828862,8809.029724828746,146,5,18.899,12066.446674940444
15389,,,,2150.0,14503.243491828862,8810.029724828746,147,5,18.876,12600.78052678804
15390,,,,2147.0,14504.243491828862,8811.029724828746,148,5,18.854,12039.392352828569
15391,,,,2144.0,14505.243491828862,8812.029724828746,149,5,18.831,12572.492322759954
15392,,,,2141.0,14506.243491828862,8813.029724828746,150,5,18.808,12558.0114721456
15393,,,,2137.0,14507.243491828862,8814.029724828746,151,5,18.785,12543.528505531245
15394,,,,2132.0,14508.243491828862,8815.029724828746,152,5,18.762,12529.04342291689
15395,,,,2130.0,14509.243491828862,8816.029724828746,153,5,18.738,13058.319142646471
15396,,,,2127.0,14510.243491828862,8817.029724828746,154,5,18.715,12499.399438487557
15397,,,,2124.0,14511.243491828862,8818.029724828746,155,5,18.693,11942.405123930517
15398,,,,2123.0,14512.243491828862,8819.029724828746,156,5,18.67,12471.081932459472
15399,,,,2120.0,14513.243491828862,8820.029724828746,157,5,18.646,12997.828659386552
15400,,,,2119.0,14514.243491828862,8821.029724828746,158,5,18.623,12441.420836030138
15401,,,,2117.0,14515.243491828862,8822.029724828746,159,5,18.601,11886.939322277516
15402,,,,2116.0,14516.243491828862,8823.029724828746,160,5,18.578,12413.086586002051
15403,,,,2113.0,14517.243491828862,8824.029724828746,161,5,18.555,12398.582459387697
15404,,,,2109.0,14518.243491828862,8825.029724828746,162,5,18.533,11845.957521748049
15405,,,,2107.0,14519.243491828862,8826.029724828746,163,5,18.51,12370.235743359613
15406,,,,2106.0,14520.243491828862,8827.029724828746,164,5,18.487,12355.725314747166
15407,,,,2106.0,14521.243491828862,8828.029724828746,165,5,18.464,12341.212770130902
15408,,,,2106.0,14522.243491828862,8829.029724828746,166,5,18.441,12326.698109516547
15409,,,,2103.0,14523.243491828862,8830.029724828746,167,5,18.418,12312.181332902192
15410,,,,2101.0,14524.243491828862,8831.029724828746,168,5,18.397,11228.910507185696
15411,,,,2099.0,14525.243491828862,8832.029724828746,169,5,18.376,11216.872357424005
15412,,,,2098.0,14526.243491828862,8833.029724828746,170,5,18.357,10138.257541522658
15413,,,,2099.0,14527.243491828862,8834.029724828746,171,5,18.337,10661.253453783138
15414,,,,2097.0,14528.243491828862,8835.029724828746,172,5,18.318,10118.122538665873
15415,,,,2093.0,14529.243491828862,8836.029724828746,173,5,18.3,9576.57308730857
15416,,,,2089.0,14530.243491828862,8837.029724828746,174,5,18.282,9567.816613525865
15417,,,,2084.0,14531.243491828862,8838.029724828746,175,5,18.264,9559.058843743158
15418,,,,2079.0,14532.243491828862,8839.029724828746,176,5,18.244,10610.862907993534
15419,,,,2075.0,14533.243491828862,8840.029724828746,177,5,18.223,11129.659598747407
15420,,,,2071.0,14534.243491828862,8841.029724828746,178,5,18.201,11646.696268819425
15421,,,,2068.0,14535.243491828862,8842.029724828746,179,5,18.179,11633.427481121214
15422,,,,2065.0,14536.243491828862,8843.029724828746,180,5,18.158,11092.273075012836
15423,,,,2062.0,14537.243491828862,8844.029724828746,181,5,18.138,10552.875795588183
15424,,,,2057.0,14538.243491828862,8845.029724828746,182,5,18.117,11068.764373721784
15425,,,,2052.0,14539.243491828862,8846.029724828746,183,5,18.096,11056.702115961989
15426,,,,2047.0,14540.243491828862,8847.029724828746,184,5,18.073,12095.839537686872
15427,,,,2042.0,14541.243491828862,8848.029724828746,185,5,18.05,12081.286789072517
15428,,,,2038.0,14542.243491828862,8849.029724828746,186,5,18.029,11018.06166177598
15429,,,,2035.0,14543.243491828862,8850.029724828746,187,5,18.004,13100.91731852599
15430,,,,2033.0,14544.243491828862,8851.029724828746,188,5,17.983,10991.477501349767
15431,,,,2029.0,14545.243491828862,8852.029724828746,189,5,17.959,12546.843397999986
15432,,,,2025.0,14546.243491828862,8853.029724828746,190,5,17.937,11487.343040418353
15433,,,,2022.0,14547.243491828862,8854.029724828746,191,5,17.915,11474.051020720117
15434,,,,2020.0,14548.243491828862,8855.029724828746,192,5,17.89,13022.49645562257
15435,,,,2019.0,14549.243491828862,8856.029724828746,193,5,17.869,10925.594358510887
15436,,,,2017.0,14550.243491828862,8857.029724828746,194,5,17.847,11432.882924190715
15437,,,,2016.0,14551.243491828862,8858.029724828746,195,5,17.826,10900.816690764645
15438,,,,2013.0,14552.243491828862,8859.029724828746,196,5,17.803,11925.08331751836
15439,,,,2009.0,14553.243491828862,8860.029724828746,197,5,17.781,11392.977561092286
15440,,,,2009.0,14554.243491828862,8861.029724828746,198,5,17.759,11379.671901390357
15441,,,,2009.0,14555.243491828862,8862.029724828746,199,5,17.734,12915.231431386312
15442,,,,2008.0,14556.243491828862,8863.029724828746,200,5,17.711,11866.759163062774
15443,,,,2006.0,14557.243491828862,8864.029724828746,201,5,17.689,11337.181231435527
15444,,,,2003.0,14558.243491828862,8865.029724828746,202,5,17.668,10809.452117952864
15445,,,,2001.0,14559.243491828862,8866.029724828746,203,5,17.646,11311.192742748988
15446,,,,2000.0,14560.243491828862,8867.029724828746,204,5,17.624,11297.875335050723
15447,,,,1998.0,14561.243491828862,8868.029724828746,205,5,17.603,10771.927414218348
15448,,,,1997.0,14562.243491828862,8869.029724828746,206,5,17.582,10759.823282460377
15449,,,,1997.0,14563.243491828862,8870.029724828746,207,5,17.561,10747.717386700582
15450,,,,1996.0,14564.243491828862,8871.029724828746,208,5,17.542,9713.72414657886
15451,,,,1992.0,14565.243491828862,8872.029724828746,209,5,17.521,10724.72378363431
15452,,,,1989.0,14566.243491828862,8873.029724828746,210,5,17.499,11222.416635845657
15453,,,,1986.0,14567.243491828862,8874.029724828746,211,5,17.479,10190.66085714358
15454,,,,1984.0,14568.243491828862,8875.029724828746,212,5,17.456,11705.65648690179
15455,,,,1984.0,14569.243491828862,8876.029724828746,213,5,17.434,11183.059919457217
15456,,,,1982.0,14570.243491828862,8877.029724828746,214,5,17.413,10662.314774155371
15457,,,,1979.0,14571.243491828862,8878.029724828746,215,5,17.39,11663.828706660599
15458,,,,1975.0,14572.243491828862,8879.029724828746,216,5,17.366,12155.349475248555
15459,,,,1970.0,14573.243491828862,8880.029724828746,217,5,17.341,12644.83904677189
15460,,,,1967.0,14574.243491828862,8881.029724828746,218,5,17.318,11617.960219215664
15461,,,,1964.0,14575.243491828862,8882.029724828746,219,5,17.295,11603.336768601308
15462,,,,1962.0,14576.243491828862,8883.029724828746,220,5,17.271,12092.218380925813
15463,,,,1959.0,14577.243491828862,8884.029724828746,221,5,17.246,12579.067840187492
15464,,,,1955.0,14578.243491828862,8885.029724828746,222,5,17.221,12561.70796082092
15465,,,,1952.0,14579.243491828862,8886.029724828746,223,5,17.198,11541.468580140769
15466,,,,1947.0,14580.243491828862,8887.029724828746,224,5,17.173,12528.438726442313
15467,,,,1943.0,14581.243491828862,8888.029724828746,225,5,17.148,12511.071447075747
15468,,,,1941.0,14582.243491828862,8889.029724828746,226,5,17.123,12493.701667710962
15469,,,,1937.0,14583.243491828862,8890.029724828746,227,5,17.099,11977.62621065727
15470,,,,1934.0,14584.243491828862,8891.029724828746,228,5,17.074,12459.683821155984
15471,,,,1931.0,14585.243491828862,8892.029724828746,229,5,17.049,12442.306591792967
15472,,,,1928.0,14586.243491828862,8893.029724828746,230,5,17.024,12424.926862426413
15473,,,,1924.0,14587.243491828862,8894.029724828746,231,5,16.999,12407.544633063391
15474,,,,1919.0,14588.243491828862,8895.029724828746,232,5,16.977,10904.303539323542
15475,,,,1917.0,14589.243491828862,8896.029724828746,233,5,16.953,11880.312760266528
15476,,,,1914.0,14590.243491828862,8897.029724828746,234,5,16.929,11864.31911976394
15477,,,,1912.0,14591.243491828862,8898.029724828746,235,5,16.907,10861.604925368712
15478,,,,1909.0,14592.243491828862,8899.029724828746,236,5,16.883,11833.725782133983
15479,,,,1904.0,14593.243491828862,8900.029724828746,237,5,16.86,11325.655748329815
15480,,,,1900.0,14594.243491828862,8901.029724828746,238,5,16.836,11802.423088816415
15481,,,,1897.0,14595.243491828862,8902.029724828746,239,5,16.813,11295.653009900481
15482,,,,1894.0,14596.243491828862,8903.029724828746,240,5,16.788,12261.209439222843
15483,,,,1891.0,14597.243491828862,8904.029724828746,241,5,16.764,11754.401127308653
15484,,,,1887.0,14598.243491828862,8905.029724828746,242,5,16.74,11738.389198806064
15485,,,,1885.0,14599.243491828862,8906.029724828746,243,5,16.716,11722.374966301742
15486,,,,1882.0,14600.243491828862,8907.029724828746,244,5,16.691,12193.75835828921
15487,,,,1879.0,14601.243491828862,8908.029724828746,245,5,16.668,11202.906277809983
15488,,,,1876.0,14602.243491828862,8909.029724828746,246,5,16.645,11188.22436119563
15489,,,,1873.0,14603.243491828862,8910.029724828746,247,5,16.621,11658.995951980734
15490,,,,1871.0,14604.243491828862,8911.029724828746,248,5,16.598,11158.182384766296
15491,,,,1868.0,14605.243491828862,8912.029724828746,249,5,16.575,11143.49407415194
15492,,,,1865.0,14606.243491828862,8913.029724828746,250,5,16.552,11128.803647537587
15493,,,,1861.0,14607.243491828862,8914.029724828746,251,5,16.531,10148.280165244043
15494,,,,1857.0,14608.243491828862,8915.029724828746,252,5,16.51,10136.090437482535
15495,,,,1855.0,14609.243491828862,8916.029724828746,253,5,16.488,10605.667968355086
15496,,,,1852.0,14610.243491828862,8917.029724828746,254,5,16.466,10592.251208653284
15497,,,,1848.0,14611.243491828862,8918.029724828746,255,5,16.445,10098.283325751556
15498,,,,1844.0,14612.243491828862,8919.029724828746,256,5,16.421,11525.903870459173
15499,,,,1840.0,14613.243491828862,8920.029724828746,257,5,16.399,10551.346330839375
15500,,,,1838.0,14614.243491828862,8921.029724828746,258,5,16.378,10059.232237565548
15501,,,,1835.0,14615.243491828862,8922.029724828746,259,5,16.355,11003.217600014636
15502,,,,1832.0,14616.243491828862,8923.029724828746,260,5,16.334,10033.598053592646
15503,,,,1828.0,14617.243491828862,8924.029724828746,261,5,16.312,10498.279682752658
15504,,,,1824.0,14618.243491828862,8925.029724828746,262,5,16.289,10961.095189773445
15505,,,,1821.0,14619.243491828862,8926.029724828746,263,5,16.266,10946.37785316078
15506,,,,1818.0,14620.243491828862,8927.029724828746,264,5,16.243,10931.658400544733
15507,,,,1815.0,14621.243491828862,8928.029724828746,265,5,16.22,10916.93683193038
15508,,,,1811.0,14622.243491828862,8929.029724828746,266,5,16.199,9954.80874699229
15509,,,,1808.0,14623.243491828862,8930.029724828746,267,5,16.175,11361.909235307654
15510,,,,1806.0,14624.243491828862,8931.029724828746,268,5,16.154,9928.530524794418
15511,,,,1802.0,14625.243491828862,8932.029724828746,269,5,16.13,11331.8726613653
15512,,,,1799.0,14626.243491828862,8933.029724828746,270,5,16.107,10844.642863259853
15513,,,,1796.0,14627.243491828862,8934.029724828746,271,5,16.085,10359.364894756282
15514,,,,1793.0,14628.243491828862,8935.029724828746,272,5,16.061,11285.748366920363
15515,,,,1791.0,14629.243491828862,8936.029724828746,273,5,16.037,11269.666982417773
15516,,,,1789.0,14630.243491828862,8937.029724828746,274,5,16.013,11253.583293913522
15517,,,,1787.0,14631.243491828862,8938.029724828746,275,5,15.989,11237.4973014126
15518,,,,1785.0,14632.243491828862,8939.029724828746,276,5,15.963,12155.765545324548
15519,,,,1784.0,14633.243491828862,8940.029724828746,277,5,15.937,12136.812152122764
15520,,,,1785.0,14634.243491828862,8941.029724828746,278,5,15.913,11186.415725153578
15521,,,,1785.0,14635.243491828862,8942.029724828746,279,5,15.888,11635.384457091406
15522,,,,1785.0,14636.243491828862,8943.029724828746,280,5,15.864,11153.520080460798
15523,,,,1785.0,14637.243491828862,8944.029724828746,281,5,15.842,10209.945727342481
15524,,,,1784.0,14638.243491828862,8945.029724828746,282,5,15.818,11122.722934831663
15525,,,,1784.0,14639.243491828862,8946.029724828746,283,5,15.793,11569.028150505217
15526,,,,1783.0,14640.243491828862,8947.029724828746,284,5,15.77,10628.070122649526
15527,,,,1782.0,14641.243491828862,8948.029724828746,285,5,15.746,11074.402317323082
15528,,,,1782.0,14642.243491828862,8949.029724828746,286,5,15.723,10597.865490220192
15529,,,,1781.0,14643.243491828862,8950.029724828746,287,5,15.697,11962.35847334556
15530,,,,1781.0,14644.243491828862,8951.029724828746,288,5,15.674,10566.30493938961
15531,,,,1780.0,14645.243491828862,8952.029724828746,289,5,15.652,10093.09174775079
15532,,,,1779.0,14646.243491828862,8953.029724828746,290,5,15.63,10079.603356049887
15533,,,,1778.0,14647.243491828862,8954.029724828746,291,5,15.608,10066.11302835061
15534,,,,1775.0,14648.243491828862,8955.029724828746,292,5,15.586,10052.62076465052
15535,,,,1773.0,14649.243491828862,8956.029724828746,293,5,15.565,9583.110264293542
15536,,,,1771.0,14650.243491828862,8957.029724828746,294,5,15.542,10481.677858907227
15537,,,,1770.0,14651.243491828862,8958.029724828746,295,5,15.521,9557.343108319832
15538,,,,1768.0,14652.243491828862,8959.029724828746,296,5,15.497,10907.598927109557
15539,,,,1765.0,14653.243491828862,8960.029724828746,297,5,15.475,9984.485663436426
15540,,,,1764.0,14654.243491828862,8961.029724828746,298,5,15.452,10423.871134851055
15541,,,,1761.0,14655.243491828862,8962.029724828746,299,5,15.43,9956.831049322605
15542,,,,1758.0,14656.243491828862,8963.029724828746,300,5,15.408,9943.323209622515
15543,,,,1756.0,14657.243491828862,8964.029724828746,301,5,15.385,10380.83147340924
15544,,,,1752.0,14658.243491828862,8965.029724828746,302,5,15.362,10366.031290794885
15545,,,,1749.0,14659.243491828862,8966.029724828746,303,5,15.339,10351.228992180531
15546,,,,1746.0,14660.243491828862,8967.029724828746,304,5,15.316,10336.424577566177
15547,,,,1743.0,14661.243491828862,8968.029724828746,305,5,15.292,10770.032179149955
15548,,,,1740.0,14662.243491828862,8969.029724828746,306,5,15.269,10306.134937136841
15549,,,,1736.0,14663.243491828862,8970.029724828746,307,5,15.245,10738.421085832388
15550,,,,1733.0,14664.243491828862,8971.029724828746,308,5,15.222,10275.836648707509
15551,,,,1731.0,14665.243491828862,8972.029724828746,309,5,15.198,10706.800968514028
15552,,,,1728.0,14666.243491828862,8973.029724828746,310,5,15.174,10690.635536012234
15553,,,,1725.0,14667.243491828862,8974.029724828746,311,5,15.151,10230.035654463196
15554,,,,1723.0,14668.243491828862,8975.029724828746,312,5,15.126,11102.760205052718
15555,,,,1721.0,14669.243491828862,8976.029724828746,313,5,15.103,10199.040914833238
15556,,,,1719.0,14670.243491828862,8977.029724828746,314,5,15.077,11511.446663168183
15557,,,,1717.0,14671.243491828862,8978.029724828746,315,5,15.054,10167.362466002656
15558,,,,1715.0,14672.243491828862,8979.029724828746,316,5,15.03,10593.594556996708
15559,,,,1712.0,14673.243491828862,8980.029724828746,317,5,15.005,11017.77170692637
15560,,,,1710.0,14674.243491828862,8981.029724828746,318,5,14.982,10120.840410558501
15561,,,,1708.0,14675.243491828862,8982.029724828746,319,5,14.959,10106.003703943365
15562,,,,1706.0,14676.243491828862,8983.029724828746,320,5,14.934,10967.92366753116
15563,,,,1704.0,14677.243491828862,8984.029724828746,321,5,14.909,10950.324438165595
15564,,,,1701.0,14678.243491828862,8985.029724828746,322,5,14.885,10495.766078293576
15565,,,,1699.0,14679.243491828862,8986.029724828746,323,5,14.862,10043.259491482826
15566,,,,1697.0,14680.243491828862,8987.029724828746,324,5,14.837,10899.713786595788
15567,,,,1695.0,14681.243491828862,8988.029724828746,325,5,14.812,10882.104707231003
15568,,,,1692.0,14682.243491828862,8989.029724828746,326,5,14.789,9996.009060837265
15569,,,,1688.0,14683.243491828862,8990.029724828746,327,5,14.766,9981.155012222911
15570,,,,1685.0,14684.243491828862,8991.029724828746,328,5,14.742,10399.26376696489
15571,,,,1682.0,14685.243491828862,8992.029724828746,329,5,14.718,10383.054558463073
15572,,,,1678.0,14686.243491828862,8993.029724828746,330,5,14.692,11229.982948461771
15573,,,,1676.0,14687.243491828862,8994.029724828746,331,5,14.668,10349.219254082682
15574,,,,1672.0,14688.243491828862,8995.029724828746,332,5,14.641,11623.438669554003
15575,,,,1670.0,14689.243491828862,8996.029724828746,333,5,14.615,11173.46119752049
15576,,,,1665.0,14690.243491828862,8997.029724828746,334,5,14.59,10725.714029471701
15577,,,,1662.0,14691.243491828862,8998.029724828746,335,5,14.564,11136.021331780159
15578,,,,1658.0,14692.243491828862,8999.029724828746,336,5,14.538,11116.915422579206
15579,,,,1654.0,14693.243491828862,9000.029724828746,337,5,14.513,10671.335417028158
15580,,,,1652.0,14694.243491828862,9001.029724828746,338,5,14.485,11930.902837729693
15581,,,,1651.0,14695.243491828862,9002.029724828746,339,5,14.46,10633.845571774056
15582,,,,1648.0,14696.243491828862,9003.029724828746,340,5,14.433,11464.70120665454
15583,,,,1645.0,14697.243491828862,9004.029724828746,341,5,14.408,10597.079988696056
15584,,,,1641.0,14698.243491828862,9005.029724828746,342,5,14.385,9733.750071785122
15585,,,,1638.0,14699.243491828862,9006.029724828746,343,5,14.36,10563.243854315666
15586,,,,1634.0,14700.243491828862,9007.029724828746,344,5,14.334,10967.028455617887
15587,,,,1631.0,14701.243491828862,9008.029724828746,345,5,14.311,9685.693755938937
15588,,,,1628.0,14702.243491828862,9009.029724828746,346,5,14.285,10931.059227200707
15589,,,,1624.0,14703.243491828862,9010.029724828746,347,5,14.26,10492.60213685652
15590,,,,1622.0,14704.243491828862,9011.029724828746,348,5,14.235,10474.935457491734
15591,,,,1619.0,14705.243491828862,9012.029724828746,349,5,14.213,9203.364870822144
15592,,,,1616.0,14706.243491828862,9013.029724828746,350,5,14.19,9607.132979663418
15593,,,,1613.0,14707.243491828862,9014.029724828746,351,5,14.168,9175.496240708324
15594,,,,1608.0,14708.243491828862,9015.029724828746,352,5,14.147,8745.742203893411
15595,,,,1605.0,14709.243491828862,9016.029724828746,353,5,14.125,9148.914104021784
15596,,,,1601.0,14710.243491828862,9017.029724828746,354,5,14.103,9135.296572321693
15597,,,,1598.0,14711.243491828862,9018.029724828746,355,5,14.081,9121.677104621602
15598,,,,1594.0,14712.243491828862,9019.029724828746,356,5,14.056,10348.959878239864
15599,,,,1591.0,14713.243491828862,9020.029724828746,357,5,14.031,10331.271748874344
15600,,,,1589.0,14714.243491828862,9021.029724828746,358,5,14.005,10725.741793959682
15601,,,,1587.0,14715.243491828862,9022.029724828746,359,5,13.982,9472.216950934333
15602,,,,1584.0,14716.243491828862,9023.029724828746,360,5,13.958,9868.124235880405
15603,,,,1581.0,14717.243491828862,9024.029724828746,361,5,13.934,9851.840531378548
15604,,,,1576.0,14718.243491828862,9025.029724828746,362,5,13.912,9016.572582015633
15605,,,,1573.0,14719.243491828862,9026.029724828746,363,5,13.891,8594.02166287
15606,,,,1568.0,14720.243491828862,9027.029724828746,364,5,13.869,8989.94710532982
15607,,,,1563.0,14721.243491828862,9028.029724828746,365,5,13.846,9383.983057648722
15608,,,,1557.0,14722.243491828862,9029.029724828746,366,5,13.822,9776.040790366473
15609,,,,1552.0,14723.243491828862,9030.029724828746,367,5,13.795,10978.51901887331
15610,,,,1551.0,14724.243491828862,9031.029724828746,368,5,13.768,10957.796730862225
15611,,,,1552.0,14725.243491828862,9032.029724828746,369,5,13.738,12150.976424587801
15612,,,,1555.0,14726.243491828862,9033.029724828746,370,5,13.709,11721.544948486542
15613,,,,1557.0,14727.243491828862,9034.029724828746,371,5,13.682,10891.636015086173
15614,,,,1558.0,14728.243491828862,9035.029724828746,372,5,13.655,10870.901793075804
15615,,,,1558.0,14729.243491828862,9036.029724828746,373,5,13.636,7637.539898574579
15616,,,,1557.0,14730.243491828862,9037.029724828746,374,5,13.618,7226.245010273029
15617,,,,1555.0,14731.243491828862,9038.029724828746,375,5,13.604,5614.194744684364
15618,,,,1553.0,14732.243491828862,9039.029724828746,376,5,13.594,4006.8755849075283
15619,,,,1552.0,14733.243491828862,9040.029724828746,377,5,13.589,2002.4687891915214
15620,,,,1552.0,14734.243491828862,9041.029724828746,378,5,13.588,400.43253537792236
15627,,,,1552.0,14741.243491828862,9048.029724828746,385,5,13.579,3604.2782574820576
15628,,,,1552.0,14742.243491828862,9049.029724828746,386,5,13.566,5202.316594613988
15629,,,,1551.0,14743.243491828862,9050.029724828746,387,5,13.55,6396.444648390909
15630,,,,1550.0,14744.243491828862,9051.029724828746,388,5,13.529,8384.446759820226
15631,,,,1549.0,14745.243491828862,9052.029724828746,389,5,13.509,7973.637870641205
15632,,,,1551.0,14746.243491828862,9053.029724828746,390,5,13.486,9155.721390424038
15633,,,,1552.0,14747.243491828862,9054.029724828746,391,5,13.464,8743.640666305428
15634,,,,1556.0,14748.243491828862,9055.029724828746,392,5,13.445,7540.349198310885
15635,,,,1556.0,14749.243491828862,9056.029724828746,393,5,13.427,7134.150080023924
15636,,,,1554.0,14750.243491828862,9057.029724828746,394,5,13.413,5542.551494489354
15637,,,,1550.0,14751.243491828862,9058.029724828746,395,5,13.396,6722.923475131266
15638,,,,1549.0,14752.243491828862,9059.029724828746,396,5,13.379,6714.8524313936905
15639,,,,1547.0,14753.243491828862,9060.029724828746,397,5,13.363,6312.499799335804
15640,,,,1545.0,14754.243491828862,9061.029724828746,398,5,13.345,7093.014033235343
15641,,,,1542.0,14755.243491828862,9062.029724828746,399,5,13.326,7477.204884240835
15642,,,,1541.0,14756.243491828862,9063.029724828746,400,5,13.307,7467.057625439734
15643,,,,1542.0,14757.243491828862,9064.029724828746,401,5,13.289,7064.705662356515
15644,,,,1541.0,14758.243491828862,9065.029724828746,402,5,13.27,7447.319589090222
15645,,,,1540.0,14759.243491828862,9066.029724828746,403,5,13.251,7437.168036289121
15646,,,,1538.0,14760.243491828862,9067.029724828746,404,5,13.233,7036.385195476292
15647,,,,1536.0,14761.243491828862,9068.029724828746,405,5,13.216,6637.142194961969
15648,,,,1534.0,14762.243491828862,9069.029724828746,406,5,13.198,7018.738192676589
15649,,,,1534.0,14763.243491828862,9070.029724828746,407,5,13.179,7398.791398095478
15650,,,,1534.0,14764.243491828862,9071.029724828746,408,5,13.162,6611.383942910279
15651,,,,1534.0,14765.243491828862,9072.029724828746,409,5,13.145,6603.297429172692
15652,,,,1534.0,14766.243491828862,9073.029724828746,410,5,13.129,6207.49250406899
15653,,,,1533.0,14767.243491828862,9074.029724828746,411,5,13.114,5813.051564340504
15654,,,,1531.0,14768.243491828862,9075.029724828746,412,5,13.098,6193.683174525096
15655,,,,1530.0,14769.243491828862,9076.029724828746,413,5,13.081,6572.94843133447
15656,,,,1528.0,14770.243491828862,9077.029724828746,414,5,13.067,5406.9725755405225
15657,,,,1526.0,14771.243491828862,9078.029724828746,415,5,13.052,5787.15163144639
15658,,,,1523.0,14772.243491828862,9079.029724828746,416,5,13.037,5780.8959068743825
15659,,,,1520.0,14773.243491828862,9080.029724828746,417,5,13.024,5005.071482327821
15660,,,,1519.0,14774.243491828862,9081.029724828746,418,5,13.009,5769.268212341247
15661,,,,1516.0,14775.243491828862,9082.029724828746,419,5,12.993,6146.974100392551
15662,,,,1512.0,14776.243491828862,9083.029724828746,420,5,12.979,5372.76034357734
15663,,,,1509.0,14777.243491828862,9084.029724828746,421,5,12.964,5750.490418627279
15664,,,,1505.0,14778.243491828862,9085.029724828746,422,5,12.949,5744.229354056637
15665,,,,1504.0,14779.243491828862,9086.029724828746,423,5,12.934,5737.967389485314
15666,,,,1501.0,14780.243491828862,9087.029724828746,424,5,12.919,5731.704524913312
15667,,,,1498.0,14781.243491828862,9088.029724828746,425,5,12.904,5725.440760342667
15668,,,,1497.0,14782.243491828862,9089.029724828746,426,5,12.89,5338.1046407950225
15669,,,,1495.0,14783.243491828862,9090.029724828746,427,5,12.874,6094.0077651756665
15670,,,,1493.0,14784.243491828862,9091.029724828746,428,5,12.861,4946.142581408767
15671,,,,1490.0,14785.243491828862,9092.029724828746,429,5,12.846,5701.263816666885
15672,,,,1487.0,14786.243491828862,9093.029724828746,430,5,12.834,4556.528794442154
15673,,,,1483.0,14787.243491828862,9094.029724828746,431,5,12.818,6069.157920838308
15674,,,,1477.0,14788.243491828862,9095.029724828746,432,5,12.802,6061.9967721704925
15675,,,,1474.0,14789.243491828862,9096.029724828746,433,5,12.786,6054.834599502676
15676,,,,1471.0,14790.243491828862,9097.029724828746,434,5,12.768,6803.097879423091
15677,,,,1467.0,14791.243491828862,9098.029724828746,435,5,12.75,6793.973125641058
15678,,,,1464.0,14792.243491828862,9099.029724828746,436,5,12.732,6784.847075858352
15679,,,,1459.0,14793.243491828862,9100.029724828746,437,5,12.715,6399.54234132147
15680,,,,1456.0,14794.243491828862,9101.029724828746,438,5,12.698,6391.423867583194
15681,,,,1451.0,14795.243491828862,9102.029724828746,439,5,12.681,6383.304237845584
15682,,,,1448.0,14796.243491828862,9103.029724828746,440,5,12.664,6375.183452106639
15683,,,,1446.0,14797.243491828862,9104.029724828746,441,5,12.648,5992.76523624276
15684,,,,1444.0,14798.243491828862,9105.029724828746,442,5,12.632,5985.593527574943
15685,,,,1442.0,14799.243491828862,9106.029724828746,443,5,12.617,5604.991483877353
15686,,,,1438.0,14800.243491828862,9107.029724828746,444,5,12.603,5225.669972095354
15687,,,,1433.0,14801.243491828862,9108.029724828746,445,5,12.587,5965.493176946709
15688,,,,1428.0,14802.243491828862,9109.029724828746,446,5,12.571,5958.317468278893
15689,,,,1422.0,14803.243491828862,9110.029724828746,447,5,12.555,5951.140735611077
15690,,,,1418.0,14804.243491828862,9111.029724828746,448,5,12.537,6686.4253985450505
15691,,,,1412.0,14805.243491828862,9112.029724828746,449,5,12.519,6677.283256763005
15692,,,,1407.0,14806.243491828862,9113.029724828746,450,5,12.5,7038.310712519307
15693,,,,1402.0,14807.243491828862,9114.029724828746,451,5,12.48,7397.698848517542
15694,,,,1397.0,14808.243491828862,9115.029724828746,452,5,12.46,7386.351853724079
15695,,,,1394.0,14809.243491828862,9116.029724828746,453,5,12.438,8111.8519781103
15696,,,,1391.0,14810.243491828862,9117.029724828746,454,5,12.419,6994.626227051458
15697,,,,1388.0,14811.243491828862,9118.029724828746,455,5,12.399,7351.70881960467
15698,,,,1385.0,14812.243491828862,9119.029724828746,456,5,12.38,6973.619048195915
15699,,,,1381.0,14813.243491828862,9120.029724828746,457,5,12.362,6597.166868547185
15700,,,,1377.0,14814.243491828862,9121.029724828746,458,5,12.344,6588.012594764479
15701,,,,1372.0,14815.243491828862,9122.029724828746,459,5,12.326,6578.857024981125
15702,,,,1368.0,14816.243491828862,9123.029724828746,460,5,12.308,6569.700159199068
15703,,,,1363.0,14817.243491828862,9124.029724828746,461,5,12.288,7288.898418500298
15704,,,,1356.0,14818.243491828862,9125.029724828746,462,5,12.267,7641.101347779301
15705,,,,1353.0,14819.243491828862,9126.029724828746,463,5,12.245,7991.4845223776865
15706,,,,1351.0,14820.243491828862,9127.029724828746,464,5,12.225,7253.02716490089
15707,,,,1348.0,14821.243491828862,9128.029724828746,465,5,12.204,7603.431302499278
15708,,,,1345.0,14822.243491828862,9129.029724828746,466,5,12.183,7590.871092740127
15709,,,,1342.0,14823.243491828862,9130.029724828746,467,5,12.164,6857.1286766156345
15710,,,,1340.0,14824.243491828862,9131.029724828746,468,5,12.143,7566.990617673214
15711,,,,1336.0,14825.243491828862,9132.029724828746,469,5,12.122,7554.425199914061
15712,,,,1331.0,14826.243491828862,9133.029724828746,470,5,12.104,6465.2503469950725
15713,,,,1326.0,14827.243491828862,9134.029724828746,471,5,12.084,7172.827311606977
15714,,,,1319.0,14828.243491828862,9135.029724828746,472,5,12.063,7519.209507540671
15715,,,,1315.0,14829.243491828862,9136.029724828746,473,5,12.041,7863.76987279503
15716,,,,1313.0,14830.243491828862,9137.029724828746,474,5,12.021,7136.906378007569
15717,,,,1311.0,14831.243491828862,9138.029724828746,475,5,11.999,7837.42231082213
15718,,,,1307.0,14832.243491828862,9139.029724828746,476,5,11.977,7823.593139122039
15719,,,,1303.0,14833.243491828862,9140.029724828746,477,5,11.957,7100.376994668489
15720,,,,1299.0,14834.243491828862,9141.029724828746,478,5,11.936,7443.126174755889
15721,,,,1296.0,14835.243491828862,9142.029724828746,479,5,11.914,7784.052260162689
15722,,,,1294.0,14836.243491828862,9143.029724828746,480,5,11.893,7417.335425009018
15723,,,,1291.0,14837.243491828862,9144.029724828746,481,5,11.871,7757.02959547615
15724,,,,1288.0,14838.243491828862,9145.029724828746,482,5,11.851,7039.856242263136
15725,,,,1284.0,14839.243491828862,9146.029724828746,483,5,11.83,7379.570627730265
15726,,,,1280.0,14840.243491828862,9147.029724828746,484,5,11.808,7717.460864516799
15727,,,,1276.0,14841.243491828862,9148.029724828746,485,5,11.788,7003.879628663727
15728,,,,1272.0,14842.243491828862,9149.029724828746,486,5,11.768,6992.477753870265
15729,,,,1267.0,14843.243491828862,9150.029724828746,487,5,11.748,6981.074279077421
15730,,,,1266.0,14844.243491828862,9151.029724828746,488,5,11.727,7317.840935383992
15731,,,,1266.0,14845.243491828862,9152.029724828746,489,5,11.703,8347.777320325522
15732,,,,1266.0,14846.243491828862,9153.029724828746,490,5,11.681,7637.620271884458
15733,,,,1263.0,14847.243491828862,9154.029724828746,491,5,11.662,6585.00489176489
15734,,,,1258.0,14848.243491828862,9155.029724828746,492,5,11.645,5883.156188089368
15735,,,,1255.0,14849.243491828862,9156.029724828746,493,5,11.628,5874.969544350476
15736,,,,1251.0,14850.243491828862,9157.029724828746,494,5,11.608,6901.205155522562
15737,,,,1248.0,14851.243491828862,9158.029724828746,495,5,11.59,6201.344637422262
15738,,,,1247.0,14852.243491828862,9159.029724828746,496,5,11.569,7223.22524757222
15739,,,,1246.0,14853.243491828862,9160.029724828746,497,5,11.548,7210.6110258130375
15740,,,,1246.0,14854.243491828862,9161.029724828746,498,5,11.528,6855.530456348711
15741,,,,1244.0,14855.243491828862,9162.029724828746,499,5,11.511,5818.24923174059
15742,,,,1242.0,14856.243491828862,9163.029724828746,500,5,11.492,6493.025211807683
15743,,,,1240.0,14857.243491828862,9164.029724828746,501,5,11.474,6141.8061726003825
15744,,,,1238.0,14858.243491828862,9165.029724828746,502,5,11.454,6813.3961356128975
15745,,,,1235.0,14859.243491828862,9166.029724828746,503,5,11.436,6122.3055035035595
15746,,,,1232.0,14860.243491828862,9167.029724828746,504,5,11.418,6113.088085720854
15747,,,,1230.0,14861.243491828862,9168.029724828746,505,5,11.4,6103.869371937546
15748,,,,1228.0,14862.243491828862,9169.029724828746,506,5,11.381,6432.958610759756
15749,,,,1225.0,14863.243491828862,9170.029724828746,507,5,11.363,6084.8929796070315
15750,,,,1223.0,14864.243491828862,9171.029724828746,508,5,11.344,6412.925162410244
15751,,,,1222.0,14865.243491828862,9172.029724828746,509,5,11.323,7075.95995881465
15752,,,,1221.0,14866.243491828862,9173.029724828746,510,5,11.304,6391.191338302665
15753,,,,1221.0,14867.243491828862,9174.029724828746,511,5,11.285,6380.887101501564
15754,,,,1221.0,14868.243491828862,9175.029724828746,512,5,11.265,6705.577814814674
15755,,,,1221.0,14869.243491828862,9176.029724828746,513,5,11.246,6359.709264646674
15756,,,,1221.0,14870.243491828862,9177.029724828746,514,5,11.228,6015.489340236742
15757,,,,1221.0,14871.243491828862,9178.029724828746,515,5,11.209,6339.6557142971615
15758,,,,1221.0,14872.243491828862,9179.029724828746,516,5,11.192,5663.603149827612
15759,,,,1222.0,14873.243491828862,9180.029724828746,517,5,11.175,5655.387232089335
15760,,,,1223.0,14874.243491828862,9181.029724828746,518,5,11.158,5647.170158351648
15761,,,,1226.0,14875.243491828862,9182.029724828746,519,5,11.14,5970.387228854036
15762,,,,1229.0,14876.243491828862,9183.029724828746,520,5,11.123,5630.226750596371
15763,,,,1231.0,14877.243491828862,9184.029724828746,521,5,11.106,5622.006174857505
15764,,,,1234.0,14878.243491828862,9185.029724828746,522,5,11.09,5283.799880714139
15765,,,,1235.0,14879.243491828862,9186.029724828746,523,5,11.073,5606.067449659674
15766,,,,1236.0,14880.243491828862,9187.029724828746,524,5,11.059,4610.613685456558
15767,,,,1237.0,14881.243491828862,9188.029724828746,525,5,11.046,4276.348536029368
15768,,,,1237.0,14882.243491828862,9189.029724828746,526,5,11.036,3286.297007865579
15769,,,,1238.0,14883.243491828862,9190.029724828746,527,5,11.031,1642.1426706706109
15770,,,,1239.0,14884.243491828862,9191.029724828746,528,5,11.025,1969.721246734739
15771,,,,1241.0,14885.243491828862,9192.029724828746,529,5,11.02,1640.7259638870928
15772,,,,1243.0,14886.243491828862,9193.029724828746,530,5,11.014,1968.0209345938174
15773,,,,1244.0,14887.243491828862,9194.029724828746,531,5,11.011,983.6746137226293
15774,,,,1245.0,14888.243491828862,9195.029724828746,532,5,11.008,983.4727003397763
15801,,,,1275.0,14915.243491828862,9222.029724828746,559,5,11.007,328.35908547243037
15802,,,,1276.0,14916.243491828862,9223.029724828746,560,5,10.985,7216.836591190686
15803,,,,1275.0,14917.243491828862,9224.029724828746,561,5,10.961,7856.971816119945
15804,,,,1277.0,14918.243491828862,9225.029724828746,562,5,10.941,6534.787379160575
15805,,,,1279.0,14919.243491828862,9226.029724828746,563,5,10.923,5871.498114696455
15806,,,,1281.0,14920.243491828862,9227.029724828746,564,5,10.902,6838.320598392722
15807,,,,1282.0,14921.243491828862,9228.029724828746,565,5,10.887,4876.784616651494
15808,,,,1283.0,14922.243491828862,9229.029724828746,566,5,10.871,5194.850782323403
15826,,,,1317.0,14940.243491828862,9247.029724828746,584,5,10.849,7139.045950135582
15827,,,,1320.0,14941.243491828862,9248.029724828746,585,5,10.828,6801.508038620116
15828,,,,1322.0,14942.243491828862,9249.029724828746,586,5,10.809,6142.801126221361
15829,,,,1324.0,14943.243491828862,9250.029724828746,587,5,10.791,5809.933069622708
15830,,,,1326.0,14944.243491828862,9251.029724828746,588,5,10.776,4834.537490824279
15831,,,,1327.0,14945.243491828862,9252.029724828746,589,5,10.764,3863.0465377680703
15832,,,,1326.0,14946.243491828862,9253.029724828746,590,5,10.756,2573.1452795529735
15833,,,,1326.0,14947.243491828862,9254.029724828746,591,5,10.753,964.5007807972776
15845,,,,1345.0,14959.243491828862,9266.029724828746,603,5,10.751,643.3671440967905
15846,,,,1345.0,14960.243491828862,9267.029724828746,604,5,10.729,7069.612664498724
15847,,,,1346.0,14961.243491828862,9268.029724828746,605,5,10.71,6094.327885204531
15848,,,,1348.0,14962.243491828862,9269.029724828746,606,5,10.693,5444.02725674582
15849,,,,1351.0,14963.243491828862,9270.029724828746,607,5,10.679,4477.122158702921
15850,,,,1353.0,14964.243491828862,9271.029724828746,608,5,10.668,3513.8587640211
15851,,,,1355.0,14965.243491828862,9272.029724828746,609,5,10.663,1596.1180446206897
15852,,,,1356.0,14966.243491828862,9273.029724828746,610,5,10.66,957.3756299288368
15853,,,,1357.0,14967.243491828862,9274.029724828746,611,5,10.659,319.0866640021227
15872,,,,1363.0,14986.243491828862,9293.029724828746,630,5,10.644,4788.779176596635
15873,,,,1364.0,14987.243491828862,9294.029724828746,631,5,10.626,5738.016043281816
15874,,,,1364.0,14988.243491828862,9295.029724828746,632,5,10.608,5728.686521498545
15875,,,,1364.0,14989.243491828862,9296.029724828746,633,5,10.59,5719.355703716405
15876,,,,1364.0,14990.243491828862,9297.029724828746,634,5,10.568,6977.598579602608
15877,,,,1364.0,14991.243491828862,9298.029724828746,635,5,10.548,6331.10195146903
15878,,,,1365.0,14992.243491828862,9299.029724828746,636,5,10.527,6635.192163396409
15879,,,,1365.0,14993.243491828862,9300.029724828746,637,5,10.506,6622.410697636056
15880,,,,1366.0,14994.243491828862,9301.029724828746,638,5,10.487,5980.708918855343
15881,,,,1368.0,14995.243491828862,9302.029724828746,639,5,10.469,5656.325807065996
15882,,,,1370.0,14996.243491828862,9303.029724828746,640,5,10.454,4706.4960386926505
15883,,,,1371.0,14997.243491828862,9304.029724828746,641,5,10.441,4073.776235902902
15884,,,,1372.0,14998.243491828862,9305.029724828746,642,5,10.433,2504.586677187766
15885,,,,1373.0,14999.243491828862,9306.029724828746,643,5,10.426,2190.0845399723053
15886,,,,1374.0,15000.243491828862,9307.029724828746,644,5,10.424,625.5101536094725
15887,,,,1376.0,15001.243491828862,9308.029724828746,645,5,10.423,312.730923073983
15908,,,,1388.0,15022.243491828862,9329.029724828746,666,5,10.421,626.2472866875707
15909,,,,1389.0,15023.243491828862,9330.029724828746,667,5,10.4,6568.778007610436
15910,,,,1389.0,15024.243491828862,9331.029724828746,668,5,10.379,6555.9638658511985
15911,,,,1391.0,15025.243491828862,9332.029724828746,669,5,10.36,5920.561970763776
15912,,,,1393.0,15026.243491828862,9333.029724828746,670,5,10.342,5599.3192698207995
15913,,,,1394.0,15027.243491828862,9334.029724828746,671,5,10.326,4969.329095825908
15914,,,,1392.0,15028.243491828862,9335.029724828746,672,5,10.309,5271.832675716489
15915,,,,1391.0,15029.243491828862,9336.029724828746,673,5,10.293,4954.119590698536
15916,,,,1389.0,15030.243491828862,9337.029724828746,674,5,10.278,4637.807083055799
15917,,,,1388.0,15031.243491828862,9338.029724828746,675,5,10.265,4014.2288556842936
15918,,,,1389.0,15032.243491828862,9339.029724828746,676,5,10.257,2467.933607514771
15919,,,,1389.0,15033.243491828862,9340.029724828746,677,5,10.254,925.0405717827404
15938,,,,1397.0,15052.243491828862,9359.029724828746,696,5,10.239,4626.98438817036
15939,,,,1400.0,15053.243491828862,9360.029724828746,697,5,10.226,4004.8401647835794
15940,,,,1401.0,15054.243491828862,9361.029724828746,698,5,10.215,3384.961703381522
15941,,,,1402.0,15055.243491828862,9362.029724828746,699,5,10.208,2152.3126648352454
15942,,,,1403.0,15056.243491828862,9363.029724828746,700,5,10.201,2150.980113973046
15943,,,,1403.0,15057.243491828862,9364.029724828746,701,5,10.199,614.3355344668228
15957,,,,1389.0,15071.243491828862,9378.029724828746,715,5,10.187,3686.9084378932175
15958,,,,1390.0,15072.243491828862,9379.029724828746,716,5,10.168,5829.114809247392
15959,,,,1389.0,15073.243491828862,9380.029724828746,717,5,10.147,6430.47177226627
15960,,,,1388.0,15074.243491828862,9381.029724828746,718,5,10.127,6112.304251066636
15961,,,,1389.0,15075.243491828862,9382.029724828746,719,5,10.107,6100.649536273716
15962,,,,1389.0,15076.243491828862,9383.029724828746,720,5,10.087,6088.993221479711
15963,,,,1389.0,15077.243491828862,9384.029724828746,721,5,10.068,5773.755008978442
15964,,,,1390.0,15078.243491828862,9385.029724828746,722,5,10.049,5763.251462177342
15965,,,,1389.0,15079.243491828862,9386.029724828746,723,5,10.031,5450.241767686292
15966,,,,1388.0,15080.243491828862,9387.029724828746,724,5,10.011,6044.764801265089
15967,,,,1387.0,15081.243491828862,9388.029724828746,725,5,9.991,6033.100646471089
15968,,,,1386.0,15082.243491828862,9389.029724828746,726,5,9.972,5720.64970972025
15969,,,,1387.0,15083.243491828862,9390.029724828746,727,5,9.953,5710.138904919149
15970,,,,1387.0,15084.243491828862,9391.029724828746,728,5,9.934,5699.626656118049
15971,,,,1387.0,15085.243491828862,9392.029724828746,729,5,9.916,5389.957499630124
15972,,,,1387.0,15086.243491828862,9393.029724828746,730,5,9.898,5380.538913847951
15973,,,,1386.0,15087.243491828862,9394.029724828746,731,5,9.881,5072.980013422851
15974,,,,1386.0,15088.243491828862,9395.029724828746,732,5,9.863,5362.241031048246
15975,,,,1387.0,15089.243491828862,9396.029724828746,733,5,9.845,5352.818593265012
15976,,,,1387.0,15090.243491828862,9397.029724828746,734,5,9.825,5936.501789685875
15977,,,,1387.0,15091.243491828862,9398.029724828746,735,5,9.807,5332.883260168192
15978,,,,1389.0,15092.243491828862,9399.029724828746,736,5,9.788,5618.917713225383
15979,,,,1389.0,15093.243491828862,9400.029724828746,737,5,9.769,5608.392696424282
15980,,,,1387.0,15094.243491828862,9401.029724828746,738,5,9.75,5597.866235623182
15981,,,,1383.0,15095.243491828862,9402.029724828746,739,5,9.73,5881.1068644164
15982,,,,1378.0,15096.243491828862,9403.029724828746,740,5,9.706,7041.854124172725
15983,,,,1375.0,15097.243491828862,9404.029724828746,741,5,9.683,6732.570443450513
15984,,,,1372.0,15098.243491828862,9405.029724828746,742,5,9.659,7008.725414854639
15985,,,,1372.0,15099.243491828862,9406.029724828746,743,5,9.633,7573.659741553882
15986,,,,1371.0,15100.243491828862,9407.029724828746,744,5,9.609,6973.413246474251
15987,,,,1372.0,15101.243491828862,9408.029724828746,745,5,9.586,6666.972482989974
15988,,,,1371.0,15102.243491828862,9409.029724828746,746,5,9.563,6651.43579437562
15989,,,,1371.0,15103.243491828862,9410.029724828746,747,5,9.54,6635.896989761777
15990,,,,1369.0,15104.243491828862,9411.029724828746,748,5,9.518,6332.846794279596
15991,,,,1366.0,15105.243491828862,9412.029724828746,749,5,9.494,6892.341342399869
15992,,,,1363.0,15106.243491828862,9413.029724828746,750,5,9.472,6303.110309452645
15993,,,,1362.0,15107.243491828862,9414.029724828746,751,5,9.445,7716.160578642803
15994,,,,1362.0,15108.243491828862,9415.029724828746,752,5,9.421,6840.770921204498
15995,,,,1362.0,15109.243491828862,9416.029724828746,753,5,9.396,7107.765869643188
15996,,,,1363.0,15110.243491828862,9417.029724828746,754,5,9.37,7372.5295635596185
15997,,,,1362.0,15111.243491828862,9418.029724828746,755,5,9.345,7070.173048739027
15998,,,,1362.0,15112.243491828862,9419.029724828746,756,5,9.323,6206.537953120214
15999,,,,1363.0,15113.243491828862,9420.029724828746,757,5,9.3,6473.440471611477
16000,,,,1364.0,15114.243491828862,9421.029724828746,758,5,9.279,5896.958126528681
16001,,,,1364.0,15115.243491828862,9422.029724828746,759,5,9.257,6163.875374019943
16002,,,,1363.0,15116.243491828862,9423.029724828746,760,5,9.234,6428.832543370285
16003,,,,1360.0,15117.243491828862,9424.029724828746,761,5,9.21,6691.738535118755
16004,,,,1357.0,15118.243491828862,9425.029724828746,762,5,9.186,6674.764974616663
16005,,,,1356.0,15119.243491828862,9426.029724828746,763,5,9.162,6657.789110113583
16006,,,,1356.0,15120.243491828862,9427.029724828746,764,5,9.138,6640.810941611488
16007,,,,1358.0,15121.243491828862,9428.029724828746,765,5,9.114,6623.83046910841
16008,,,,1359.0,15122.243491828862,9429.029724828746,766,5,9.091,6331.910183681525
16009,,,,1360.0,15123.243491828862,9430.029724828746,767,5,9.068,6316.328507066681
16010,,,,1360.0,15124.243491828862,9431.029724828746,768,5,9.045,6300.744714452326
16011,,,,1360.0,15125.243491828862,9432.029724828746,769,5,9.023,6012.2237870280715
16012,,,,1360.0,15126.243491828862,9433.029724828746,770,5,9.001,5997.979079327981
16013,,,,1360.0,15127.243491828862,9434.029724828746,771,5,8.978,6255.372347010511
16014,,,,1361.0,15128.243491828862,9435.029724828746,772,5,8.956,5968.818213214159
16015,,,,1361.0,15129.243491828862,9436.029724828746,773,5,8.933,6224.881846982425
16016,,,,1359.0,15130.243491828862,9437.029724828746,774,5,8.911,5939.649427100338
16017,,,,1358.0,15131.243491828862,9438.029724828746,775,5,8.887,6463.340920021448
16018,,,,1358.0,15132.243491828862,9439.029724828746,776,5,8.864,6178.086447139362
16019,,,,1360.0,15133.243491828862,9440.029724828746,777,5,8.84,6430.05462670436
16020,,,,1361.0,15134.243491828862,9441.029724828746,778,5,8.816,6413.044874201298
16021,,,,1363.0,15135.243491828862,9442.029724828746,779,5,8.793,6129.8795608955215
16022,,,,1365.0,15136.243491828862,9443.029724828746,780,5,8.769,6379.744996883733
16023,,,,1368.0,15137.243491828862,9444.029724828746,781,5,8.747,5833.1670540632995
16024,,,,1370.0,15138.243491828862,9445.029724828746,782,5,8.724,6083.045797051985
16025,,,,1371.0,15139.243491828862,9446.029724828746,783,5,8.702,5803.962055949478
16026,,,,1370.0,15140.243491828862,9447.029724828746,784,5,8.68,5789.6896722493875
16027,,,,1371.0,15141.243491828862,9448.029724828746,785,5,8.656,6299.726332184056
16028,,,,1373.0,15142.243491828862,9449.029724828746,786,5,8.633,6021.267697795654
16029,,,,1376.0,15143.243491828862,9450.029724828746,787,5,8.611,5744.861997007731
16030,,,,1378.0,15144.243491828862,9451.029724828746,788,5,8.588,5990.714407767567
16031,,,,1381.0,15145.243491828862,9452.029724828746,789,5,8.563,6493.901778208551
16032,,,,1383.0,15146.243491828862,9453.029724828746,790,5,8.538,6475.397748844226
16033,,,,1386.0,15147.243491828862,9454.029724828746,791,5,8.516,5683.06399121235
16034,,,,1388.0,15148.243491828862,9455.029724828746,792,5,8.492,6183.391807416384
16035,,,,1390.0,15149.243491828862,9456.029724828746,793,5,8.469,5909.7653338932905
16036,,,,1392.0,15150.243491828862,9457.029724828746,794,5,8.445,6150.029242098819
16037,,,,1395.0,15151.243491828862,9458.029724828746,795,5,8.421,6132.980945596686
16038,,,,1397.0,15152.243491828862,9459.029724828746,796,5,8.398,5861.448415648521
16039,,,,1400.0,15153.243491828862,9460.029724828746,797,5,8.375,5845.803121034167
16040,,,,1401.0,15154.243491828862,9461.029724828746,798,5,8.353,5577.004072888952
16041,,,,1403.0,15155.243491828862,9462.029724828746,799,5,8.33,5815.203325006081
16042,,,,1404.0,15156.243491828862,9463.029724828746,800,5,8.306,6051.342401521788
16043,,,,1405.0,15157.243491828862,9464.029724828746,801,5,8.281,6285.329944973776
16044,,,,1405.0,15158.243491828862,9465.029724828746,802,5,8.257,6016.488740829005
16045,,,,1406.0,15159.243491828862,9466.029724828746,803,5,8.232,6249.019148419241
16046,,,,1406.0,15160.243491828862,9467.029724828746,804,5,8.207,6230.481069054013
16047,,,,1408.0,15161.243491828862,9468.029724828746,805,5,8.181,6460.023916946768
16048,,,,1409.0,15162.243491828862,9469.029724828746,806,5,8.156,6192.639298149851
16049,,,,1410.0,15163.243491828862,9470.029724828746,807,5,8.128,6913.71119658647
16050,,,,1410.0,15164.243491828862,9471.029724828746,808,5,8.102,6399.007468681894
16051,,,,1410.0,15165.243491828862,9472.029724828746,809,5,8.075,6623.859887117769
16052,,,,1410.0,15166.243491828862,9473.029724828746,810,5,8.048,6602.184283106248
16053,,,,1410.0,15167.243491828862,9474.029724828746,811,5,8.023,6093.819253929628
16054,,,,1412.0,15168.243491828862,9475.029724828746,812,5,7.996,6560.462497381193
16055,,,,1412.0,15169.243491828862,9476.029724828746,813,5,7.968,6780.53048689968
16056,,,,1413.0,15170.243491828862,9477.029724828746,814,5,7.942,6275.322922829879
16057,,,,1414.0,15171.243491828862,9478.029724828746,815,5,7.915,6495.401017348149
16058,,,,1414.0,15172.243491828862,9479.029724828746,816,5,7.89,5994.9327097089645
16059,,,,1415.0,15173.243491828862,9480.029724828746,817,5,7.864,6215.021227227021
16060,,,,1417.0,15174.243491828862,9481.029724828746,818,5,7.84,5719.111675096336
16061,,,,1420.0,15175.243491828862,9482.029724828746,819,5,7.816,5702.006690593749
16062,,,,1422.0,15176.243491828862,9483.029724828746,820,5,7.793,5448.3776472709305
16063,,,,1423.0,15177.243491828862,9484.029724828746,821,5,7.773,4724.97944387627
16064,,,,1423.0,15178.243491828862,9485.029724828746,822,5,7.754,4477.779147254938
16065,,,,1423.0,15179.243491828862,9486.029724828746,823,5,7.735,4467.114746453629
16066,,,,1422.0,15180.243491828862,9487.029724828746,824,5,7.714,4924.9112158105245
16067,,,,1422.0,15181.243491828862,9488.029724828746,825,5,7.693,4911.845788050939
16068,,,,1422.0,15182.243491828862,9489.029724828746,826,5,7.672,4898.778596290938
16069,,,,1421.0,15183.243491828862,9490.029724828746,827,5,7.649,5350.316891381057
16070,,,,1421.0,15184.243491828862,9491.029724828746,828,5,7.628,4871.363444318039
16071,,,,1421.0,15185.243491828862,9492.029724828746,829,5,7.606,5089.303985799515
16072,,,,1421.0,15186.243491828862,9493.029724828746,830,5,7.584,5074.938850099425
16073,,,,1420.0,15187.243491828862,9494.029724828746,831,5,7.561,5290.248461726134
16074,,,,1418.0,15188.243491828862,9495.029724828746,832,5,7.537,5503.490405751177
16075,,,,1417.0,15189.243491828862,9496.029724828746,833,5,7.513,5486.3547492485895
16076,,,,1418.0,15190.243491828862,9497.029724828746,834,5,7.489,5469.216788746003
16077,,,,1418.0,15191.243491828862,9498.029724828746,835,5,7.466,5225.256067666844
16078,,,,1420.0,15192.243491828862,9499.029724828746,836,5,7.446,4530.9346990031445
16079,,,,1421.0,15193.243491828862,9500.029724828746,837,5,7.426,4519.07834420948
16080,,,,1421.0,15194.243491828862,9501.029724828746,838,5,7.407,4282.1480605716815
16081,,,,1421.0,15195.243491828862,9502.029724828746,839,5,7.386,4720.4479764670905
16082,,,,1418.0,15196.243491828862,9503.029724828746,840,5,7.365,4707.355542707298
16083,,,,1416.0,15197.243491828862,9504.029724828746,841,5,7.344,4694.261344947505
16084,,,,1414.0,15198.243491828862,9505.029724828746,842,5,7.322,4903.74365912562
16085,,,,1412.0,15199.243491828862,9506.029724828746,843,5,7.3,4889.353443425529
16086,,,,1410.0,15200.243491828862,9507.029724828746,844,5,7.277,5096.200835748885
16087,,,,1409.0,15201.243491828862,9508.029724828746,845,5,7.255,4859.8983493117075
16088,,,,1409.0,15202.243491828862,9509.029724828746,846,5,7.23,5505.11242447841
16089,,,,1409.0,15203.243491828862,9510.029724828746,847,5,7.207,5048.252204705392
16090,,,,1409.0,15204.243491828862,9511.029724828746,848,5,7.182,5469.346490098021
16091,,,,1409.0,15205.243491828862,9512.029724828746,849,5,7.158,5233.036600147826
16092,,,,1409.0,15206.243491828862,9513.029724828746,850,5,7.136,4781.876978388491
16093,,,,1410.0,15207.243491828862,9514.029724828746,851,5,7.114,4767.470834688401
16094,,,,1410.0,15208.243491828862,9515.029724828746,852,5,7.091,4968.761272432799
16095,,,,1410.0,15209.243491828862,9516.029724828746,853,5,7.069,4737.983532574579
16096,,,,1410.0,15210.243491828862,9517.029724828746,854,5,7.045,5152.257039448146
16097,,,,1409.0,15211.243491828862,9518.029724828746,855,5,7.021,5135.072422945559
16098,,,,1409.0,15212.243491828862,9519.029724828746,856,5,6.997,5117.885502442972
16099,,,,1407.0,15213.243491828862,9520.029724828746,857,5,6.974,4888.517170959777
16100,,,,1407.0,15214.243491828862,9521.029724828746,858,5,6.951,4872.74183434561
16101,,,,1407.0,15215.243491828862,9522.029724828746,859,5,6.928,4856.964381731068
16102,,,,1407.0,15216.243491828862,9523.029724828746,860,5,6.905,4841.1848131167135
16103,,,,1406.0,15217.243491828862,9524.029724828746,861,5,6.884,4406.441980685372
16104,,,,1404.0,15218.243491828862,9525.029724828746,862,5,6.861,4811.019406289438
16105,,,,1402.0,15219.243491828862,9526.029724828746,863,5,6.839,4587.0799884370845
16106,,,,1401.0,15220.243491828862,9527.029724828746,864,5,6.816,4780.145772261351
16107,,,,1399.0,15221.243491828862,9528.029724828746,865,5,6.793,4764.3557616468115
16108,,,,1398.0,15222.243491828862,9529.029724828746,866,5,6.77,4748.56363503264
16109,,,,1396.0,15223.243491828862,9530.029724828746,867,5,6.747,4732.769392418102
16110,,,,1394.0,15224.243491828862,9531.029724828746,868,5,6.723,4921.693436038438
16111,,,,1392.0,15225.243491828862,9532.029724828746,869,5,6.698,5108.4498225957705
16112,,,,1391.0,15226.243491828862,9533.029724828746,870,5,6.675,4683.272746973346
16113,,,,1392.0,15227.243491828862,9534.029724828746,871,5,6.65,5072.5754882153815
16114,,,,1391.0,15228.243491828862,9535.029724828746,872,5,6.627,4650.263943343388
16115,,,,1391.0,15229.243491828862,9536.029724828746,873,5,6.606,4232.100161674779
16116,,,,1391.0,15230.243491828862,9537.029724828746,874,5,6.584,4419.512056458948
16117,,,,1390.0,15231.243491828862,9538.029724828746,875,5,6.562,4405.0583927586795
16118,,,,1389.0,15232.243491828862,9539.029724828746,876,5,6.54,4390.602793058767
16119,,,,1388.0,15233.243491828862,9540.029724828746,877,5,6.52,3978.9232000657903
16120,,,,1387.0,15234.243491828862,9541.029724828746,878,5,6.499,4165.0269364225005
16121,,,,1385.0,15235.243491828862,9542.029724828746,879,5,6.479,3954.459800739015
16122,,,,1383.0,15236.243491828862,9543.029724828746,880,5,6.459,3942.530365945727
16123,,,,1381.0,15237.243491828862,9544.029724828746,881,5,6.438,4126.809315596435
16124,,,,1380.0,15238.243491828862,9545.029724828746,882,5,6.416,4309.1924005671735
16125,,,,1379.0,15239.243491828862,9546.029724828746,883,5,6.393,4489.587807397338
16126,,,,1376.0,15240.243491828862,9547.029724828746,884,5,6.372,4085.3758716370858
16127,,,,1374.0,15241.243491828862,9548.029724828746,885,5,6.349,4459.328744569703
16128,,,,1372.0,15242.243491828862,9549.029724828746,886,5,6.328,4057.7443356641866
16129,,,,1371.0,15243.243491828862,9550.029724828746,887,5,6.307,4044.5660119043937
16130,,,,1372.0,15244.243491828862,9551.029724828746,888,5,6.286,4031.385924144771
16131,,,,1372.0,15245.243491828862,9552.029724828746,889,5,6.266,3827.1659261886357
16132,,,,1371.0,15246.243491828862,9553.029724828746,890,5,6.245,4005.660798851671
16133,,,,1368.0,15247.243491828862,9554.029724828746,891,5,6.224,3992.475461091878
16134,,,,1363.0,15248.243491828862,9555.029724828746,892,5,6.204,3790.1034023290695
16135,,,,1360.0,15249.243491828862,9556.029724828746,893,5,6.182,4155.296857575308
16136,,,,1356.0,15250.243491828862,9557.029724828746,894,5,6.159,4328.674863451288
16137,,,,1351.0,15251.243491828862,9558.029724828746,895,5,6.138,3938.4353655993923
16138,,,,1348.0,15252.243491828862,9559.029724828746,896,5,6.115,4298.37200862366
16139,,,,1345.0,15253.243491828862,9560.029724828746,897,5,6.09,4654.145920444347
16140,,,,1343.0,15254.243491828862,9561.029724828746,898,5,6.065,4635.383241079397
16141,,,,1338.0,15255.243491828862,9562.029724828746,899,5,6.04,4616.618061714775
16142,,,,1333.0,15256.243491828862,9563.029724828746,900,5,6.015,4597.850382349989
16143,,,,1328.0,15257.243491828862,9564.029724828746,901,5,5.988,4944.582728075252
16144,,,,1324.0,15258.243491828862,9565.029724828746,902,5,5.962,4740.736252911353
16145,,,,1323.0,15259.243491828862,9566.029724828746,903,5,5.934,5082.670896206216
16146,,,,1322.0,15260.243491828862,9567.029724828746,904,5,5.908,4698.5068891861365
16147,,,,1320.0,15261.243491828862,9568.029724828746,905,5,5.881,4857.699587179627
16148,,,,1318.0,15262.243491828862,9569.029724828746,906,5,5.853,5014.44062372744
16149,,,,1313.0,15263.243491828862,9570.029724828746,907,5,5.828,4457.248680701228
16150,,,,1312.0,15264.243491828862,9571.029724828746,908,5,5.8,4969.793453043691
16151,,,,1312.0,15265.243491828862,9572.029724828746,909,5,5.774,4593.678132535073
16152,,,,1314.0,15266.243491828862,9573.029724828746,910,5,5.748,4573.339095334121
16153,,,,1314.0,15267.243491828862,9574.029724828746,911,5,5.722,4552.997354133168
16154,,,,1313.0,15268.243491828862,9575.029724828746,912,5,5.698,4184.720176240458
16155,,,,1312.0,15269.243491828862,9576.029724828746,913,5,5.675,3994.113443349202
16156,,,,1311.0,15270.243491828862,9577.029724828746,914,5,5.654,3632.9283588974968
16157,,,,1307.0,15271.243491828862,9578.029724828746,915,5,5.631,3963.7276045215863
16158,,,,1304.0,15272.243491828862,9579.029724828746,916,5,5.608,3947.829125907384
16159,,,,1302.0,15273.243491828862,9580.029724828746,917,5,5.583,4273.071697926329
16160,,,,1301.0,15274.243491828862,9581.029724828746,918,5,5.558,4254.258668561694
16161,,,,1299.0,15275.243491828862,9582.029724828746,919,5,5.53,4742.413195447085
16162,,,,1299.0,15276.243491828862,9583.029724828746,920,5,5.507,3877.8896866443456
16163,,,,1299.0,15277.243491828862,9584.029724828746,921,5,5.484,3861.9802140298407
16164,,,,1301.0,15278.243491828862,9585.029724828746,922,5,5.46,4012.922322589805
16165,,,,1302.0,15279.243491828862,9586.029724828746,923,5,5.437,3829.4520756005077
16166,,,,1304.0,15280.243491828862,9587.029724828746,924,5,5.415,3648.06645221323
16167,,,,1304.0,15281.243491828862,9588.029724828746,925,5,5.394,3468.6741789667262
16168,,,,1303.0,15282.243491828862,9589.029724828746,926,5,5.371,3783.807077359316
16169,,,,1303.0,15283.243491828862,9590.029724828746,927,5,5.348,3767.8850007451065
16170,,,,1303.0,15284.243491828862,9591.029724828746,928,5,5.325,3751.960808130606
16171,,,,1304.0,15285.243491828862,9592.029724828746,929,5,5.301,3898.1039362601673
16172,,,,1305.0,15286.243491828862,9593.029724828746,930,5,5.277,3880.7492077575803
16173,,,,1306.0,15287.243491828862,9594.029724828746,931,5,5.252,4023.9846681367094
16174,,,,1307.0,15288.243491828862,9595.029724828746,932,5,5.228,3845.2990030647984
16175,,,,1309.0,15289.243491828862,9596.029724828746,933,5,5.206,3509.6152650622284
16176,,,,1311.0,15290.243491828862,9597.029724828746,934,5,5.184,3495.0438573622796
16177,,,,1312.0,15291.243491828862,9598.029724828746,935,5,5.163,3322.5884246090036
16178,,,,1313.0,15292.243491828862,9599.029724828746,936,5,5.144,2994.725919735342
16179,,,,1313.0,15293.243491828862,9600.029724828746,937,5,5.123,3297.330349542731
16180,,,,1312.0,15294.243491828862,9601.029724828746,938,5,5.103,3127.9786789489112
16181,,,,1311.0,15295.243491828862,9602.029724828746,939,5,5.083,3115.9470041553095
16182,,,,1311.0,15296.243491828862,9603.029724828746,940,5,5.061,3413.632067584501
16183,,,,1312.0,15297.243491828862,9604.029724828746,941,5,5.041,3090.6550750890374
16184,,,,1312.0,15298.243491828862,9605.029724828746,942,5,5.021,3078.6185202957113
16185,,,,1313.0,15299.243491828862,9606.029724828746,943,5,5.001,3066.580365502112
16186,,,,1313.0,15300.243491828862,9607.029724828746,944,5,4.981,3054.5406107087847
16187,,,,1313.0,15301.243491828862,9608.029724828746,945,5,4.96,3194.302892597671
16188,,,,1315.0,15302.243491828862,9609.029724828746,946,5,4.938,3332.155333806722
16189,,,,1316.0,15303.243491828862,9610.029724828746,947,5,4.917,3167.082756851428
16190,,,,1316.0,15304.243491828862,9611.029724828746,948,5,4.895,3303.6352171201816
16191,,,,1315.0,15305.243491828862,9612.029724828746,949,5,4.875,2990.644578303296
16192,,,,1315.0,15306.243491828862,9613.029724828746,950,5,4.852,3424.3281002353983
16193,,,,1316.0,15307.243491828862,9614.029724828746,951,5,4.829,3408.3567576211753
16194,,,,1318.0,15308.243491828862,9615.029724828746,952,5,4.807,3245.225154319689
16195,,,,1318.0,15309.243491828862,9616.029724828746,953,5,4.787,2937.53764121219
16196,,,,1319.0,15310.243491828862,9617.029724828746,954,5,4.766,3071.43387762625
16197,,,,1320.0,15311.243491828862,9618.029724828746,955,5,4.746,2912.8109618854605
16198,,,,1319.0,15312.243491828862,9619.029724828746,956,5,4.727,2756.0047693638203
16199,,,,1316.0,15313.243491828862,9620.029724828746,957,5,4.708,2745.1285945627196
16200,,,,1314.0,15314.243491828862,9621.029724828746,958,5,4.687,3021.4236697203623
16201,,,,1311.0,15315.243491828862,9622.029724828746,959,5,4.667,2865.1757524514096
16202,,,,1310.0,15316.243491828862,9623.029724828746,960,5,4.647,2853.1098376578198
16203,,,,1309.0,15317.243491828862,9624.029724828746,961,5,4.627,2841.0423228644827
16204,,,,1308.0,15318.243491828862,9625.029724828746,962,5,4.607,2828.973208070894
16205,,,,1306.0,15319.243491828862,9626.029724828746,963,5,4.586,2957.4259138280245
16206,,,,1303.0,15320.243491828862,9627.029724828746,964,5,4.566,2804.2173687444197
16207,,,,1302.0,15321.243491828862,9628.029724828746,965,5,4.546,2792.1434139508324
16208,,,,1301.0,15322.243491828862,9629.029724828746,966,5,4.525,2918.749485001959
16209,,,,1298.0,15323.243491828862,9630.029724828746,967,5,4.505,2767.3777746243563
16210,,,,1296.0,15324.243491828862,9631.029724828746,968,5,4.486,2617.8251914656503
16211,,,,1294.0,15325.243491828862,9632.029724828746,969,5,4.467,2606.9311946645494
16212,,,,1292.0,15326.243491828862,9633.029724828746,970,5,4.447,2732.362689723191
16213,,,,1289.0,15327.243491828862,9634.029724828746,971,5,4.428,2584.556433809659
16214,,,,1286.0,15328.243491828862,9635.029724828746,972,5,4.41,2438.478287654075
16215,,,,1283.0,15329.243491828862,9636.029724828746,973,5,4.393,2294.036617795728
16216,,,,1278.0,15330.243491828862,9637.029724828746,974,5,4.377,2151.1397667734277
16217,,,,1276.0,15331.243491828862,9638.029724828746,975,5,4.359,2410.807376603077
16218,,,,1275.0,15332.243491828862,9639.029724828746,976,5,4.342,2267.899460580896
16219,,,,1273.0,15333.243491828862,9640.029724828746,977,5,4.324,2391.801985803373
16220,,,,1272.0,15334.243491828862,9641.029724828746,978,5,4.306,2382.021384020668
16221,,,,1271.0,15335.243491828862,9642.029724828746,979,5,4.287,2503.7391991804398
16222,,,,1269.0,15336.243491828862,9643.029724828746,980,5,4.269,2361.904187689552
16223,,,,1267.0,15337.243491828862,9644.029724828746,981,5,4.249,2612.8528012680254
16224,,,,1264.0,15338.243491828862,9645.029724828746,982,5,4.23,2471.0063647770226
16225,,,,1264.0,15339.243491828862,9646.029724828746,983,5,4.209,2718.4053923785223
16226,,,,1261.0,15340.243491828862,9647.029724828746,984,5,4.188,2705.052516618614
16227,,,,1258.0,15341.243491828862,9648.029724828746,985,5,4.166,2819.53645887616
16228,,,,1255.0,15342.243491828862,9649.029724828746,986,5,4.144,2804.8689551761836
16229,,,,1252.0,15343.243491828862,9650.029724828746,987,5,4.122,2790.199515476093
16230,,,,1253.0,15344.243491828862,9651.029724828746,988,5,4.099,2901.3355921654374
16231,,,,1253.0,15345.243491828862,9652.029724828746,989,5,4.076,2885.289407551194
16232,,,,1254.0,15346.243491828862,9653.029724828746,990,5,4.055,2620.3864224732583
16233,,,,1255.0,15347.243491828862,9654.029724828746,991,5,4.037,2235.418098045799
16234,,,,1256.0,15348.243491828862,9655.029724828746,992,5,4.017,2472.2950616637404
16235,,,,1256.0,15349.243491828862,9656.029724828746,993,5,3.997,2460.176746870387
16236,,,,1256.0,15350.243491828862,9657.029724828746,994,5,3.975,2692.187104570888
16237,,,,1257.0,15351.243491828862,9658.029724828746,995,5,3.956,2313.263530540215
16238,,,,1259.0,15352.243491828862,9659.029724828746,996,5,3.934,2664.8424253116295
16239,,,,1262.0,15353.243491828862,9660.029724828746,997,5,3.914,2409.8450984774604
16240,,,,1262.0,15354.243491828862,9661.029724828746,998,5,3.893,2517.2821577549084
16241,,,,1259.0,15355.243491828862,9662.029724828746,999,5,3.872,2503.9027799950622
16242,,,,1255.0,15356.243491828862,9663.029724828746,1000,5,3.851,2490.521638235269
16243,,,,1252.0,15357.243491828862,9664.029724828746,1001,5,3.83,2477.1387324754764
16244,,,,1250.0,15358.243491828862,9665.029724828746,1002,5,3.806,2814.6131352865273
16245,,,,1250.0,15359.243491828862,9666.029724828746,1003,5,3.783,2680.9098737682675
16246,,,,1249.0,15360.243491828862,9667.029724828746,1004,5,3.761,2549.3088918518292
16247,,,,1247.0,15361.243491828862,9668.029724828746,1005,5,3.739,2534.60517615179
16248,,,,1244.0,15362.243491828862,9669.029724828746,1006,5,3.716,2634.0870803264
16249,,,,1241.0,15363.243491828862,9670.029724828746,1007,5,3.694,2504.5159540379686
16250,,,,1240.0,15364.243491828862,9671.029724828746,1008,5,3.671,2602.6260262983646
16251,,,,1238.0,15365.243491828862,9672.029724828746,1009,5,3.649,2474.418811924097
16252,,,,1235.0,15366.243491828862,9673.029724828746,1010,5,3.626,2571.156692270279
16253,,,,1230.0,15367.243491828862,9674.029724828746,1011,5,3.601,2776.47671788617
16254,,,,1224.0,15368.243491828862,9675.029724828746,1012,5,3.577,2647.518042824344
16255,,,,1221.0,15369.243491828862,9676.029724828746,1013,5,3.55,2957.4881558891507
16256,,,,1217.0,15370.243491828862,9677.029724828746,1014,5,3.525,2718.6118176172204
16257,,,,1214.0,15371.243491828862,9678.029724828746,1015,5,3.497,3022.232410389426
16258,,,,1211.0,15372.243491828862,9679.029724828746,1016,5,3.47,2891.6573510044022
16259,,,,1208.0,15373.243491828862,9680.029724828746,1017,5,3.445,2657.6494686499523
16260,,,,1205.0,15374.243491828862,9681.029724828746,1018,5,3.42,2638.604539285119
16261,,,,1202.0,15375.243491828862,9682.029724828746,1019,5,3.393,2828.291415565425
16262,,,,1195.0,15376.243491828862,9683.029724828746,1020,5,3.368,2598.969556206364
16263,,,,1189.0,15377.243491828862,9684.029724828746,1021,5,3.341,2785.480017840324
16264,,,,1183.0,15378.243491828862,9685.029724828746,1022,5,3.311,3068.882271229393
16265,,,,1180.0,15379.243491828862,9686.029724828746,1023,5,3.283,2839.500484383349
16266,,,,1177.0,15380.243491828862,9687.029724828746,1024,5,3.253,3015.7581438777834
16267,,,,1175.0,15381.243491828862,9688.029724828746,1025,5,3.224,2889.105108800682
16268,,,,1173.0,15382.243491828862,9689.029724828746,1026,5,3.195,2863.42000824747
16269,,,,1171.0,15383.243491828862,9690.029724828746,1027,5,3.168,2642.85661513966
16270,,,,1168.0,15384.243491828862,9691.029724828746,1028,5,3.14,2717.2266225007834
16271,,,,1164.0,15385.243491828862,9692.029724828746,1029,5,3.113,2597.5060439689714
16272,,,,1159.0,15386.243491828862,9693.029724828746,1030,5,3.083,2859.99494026113
16273,,,,1154.0,15387.243491828862,9694.029724828746,1031,5,3.054,2738.513885971292
16274,,,,1148.0,15388.243491828862,9695.029724828746,1032,5,3.024,2805.892318300056
16275,,,,1144.0,15389.243491828862,9696.029724828746,1033,5,2.995,2686.207840742212
16276,,,,1140.0,15390.243491828862,9697.029724828746,1034,5,2.965,2751.7755363390233
16277,,,,1136.0,15391.243491828862,9698.029724828746,1035,5,2.935,2724.2500980536906
16278,,,,1131.0,15392.243491828862,9699.029724828746,1036,5,2.905,2696.721059768439
16279,,,,1126.0,15393.243491828862,9700.029724828746,1037,5,2.874,2757.6841783176214
16280,,,,1126.0,15394.243491828862,9701.029724828746,1038,5,2.843,2728.275591326366
16281,,,,1124.0,15395.243491828862,9702.029724828746,1039,5,2.813,2612.2649156935045
16282,,,,1122.0,15396.243491828862,9703.029724828746,1040,5,2.782,2670.401452440269
16283,,,,1120.0,15397.243491828862,9704.029724828746,1041,5,2.752,2556.250364513449
16284,,,,1116.0,15398.243491828862,9705.029724828746,1042,5,2.723,2444.8561104151204
16285,,,,1113.0,15399.243491828862,9706.029724828746,1043,5,2.694,2419.113357861864
16286,,,,1110.0,15400.243491828862,9707.029724828746,1044,5,2.663,2557.472235957555
16287,,,,1106.0,15401.243491828862,9708.029724828746,1045,5,2.633,2446.9495659817535
16288,,,,1105.0,15402.243491828862,9709.029724828746,1046,5,2.601,2579.690957959435
16289,,,,1106.0,15403.243491828862,9710.029724828746,1047,5,2.569,2548.312603288169
16290,,,,1107.0,15404.243491828862,9711.029724828746,1048,5,2.537,2516.9301526169033
16291,,,,1108.0,15405.243491828862,9712.029724828746,1049,5,2.508,2253.864149072015
16292,,,,1109.0,15406.243491828862,9713.029724828746,1050,5,2.482,1998.8060306298614
16293,,,,1108.0,15407.243491828862,9714.029724828746,1051,5,2.455,2053.770150217306
16294,,,,1107.0,15408.243491828862,9715.029724828746,1052,5,2.426,2181.021458024877
16295,,,,1106.0,15409.243491828862,9716.029724828746,1053,5,2.395,2302.9268490973254
16296,,,,1108.0,15410.243491828862,9717.029724828746,1054,5,2.364,2273.4578121060304
16297,,,,1111.0,15411.243491828862,9718.029724828746,1055,5,2.332,2315.8783820041085
16298,,,,1113.0,15412.243491828862,9719.029724828746,1056,5,2.302,2142.6100902340345
16299,,,,1115.0,15413.243491828862,9720.029724828746,1057,5,2.273,2044.9520802783884
16300,,,,1116.0,15414.243491828862,9721.029724828746,1058,5,2.245,1949.96345869032
16301,,,,1118.0,15415.243491828862,9722.029724828746,1059,5,2.219,1789.154820635642
16302,,,,1120.0,15416.243491828862,9723.029724828746,1060,5,2.193,1768.4281234346588
16303,,,,1121.0,15417.243491828862,9724.029724828746,1061,5,2.169,1614.0003866725813
16304,,,,1123.0,15418.243491828862,9725.029724828746,1062,5,2.142,1794.637287718413
16305,,,,1124.0,15419.243491828862,9726.029724828746,1063,5,2.117,1641.763950792472
16306,,,,1127.0,15420.243491828862,9727.029724828746,1064,5,2.094,1493.4968429141093
16307,,,,1128.0,15421.243491828862,9728.029724828746,1065,5,2.072,1413.3878085130857
16308,,,,1133.0,15422.243491828862,9729.029724828746,1066,5,2.048,1524.9514364720392
16309,,,,1136.0,15423.243491828862,9730.029724828746,1067,5,2.026,1382.3544676856523
16310,,,,1136.0,15424.243491828862,9731.029724828746,1068,5,2.005,1305.6776358267991
16311,,,,1134.0,15425.243491828862,9732.029724828746,1069,5,1.986,1169.680788741885
16312,,,,1132.0,15426.243491828862,9733.029724828746,1070,5,1.967,1158.6188699407846
16313,,,,1130.0,15427.243491828862,9734.029724828746,1071,5,1.946,1267.7028794540608
16314,,,,1130.0,15428.243491828862,9735.029724828746,1072,5,1.926,1194.7631760072281
16315,,,,1131.0,15429.243491828862,9736.029724828746,1073,5,1.904,1300.068056621501
16316,,,,1133.0,15430.243491828862,9737.029724828746,1074,5,1.887,994.432902317889
16317,,,,1135.0,15431.243491828862,9738.029724828746,1075,5,1.867,1158.577761366512
16318,,,,1133.0,15432.243491828862,9739.029724828746,1076,5,1.849,1032.2319026814498
16319,,,,1130.0,15433.243491828862,9740.029724828746,1077,5,1.831,1022.2980488987447
16320,,,,1130.0,15434.243491828862,9741.029724828746,1078,5,1.816,844.3302902204924
16321,,,,1129.0,15435.243491828862,9742.029724828746,1079,5,1.8,893.0214474632514
16322,,,,1126.0,15436.243491828862,9743.029724828746,1080,5,1.784,885.175946795435
16323,,,,1124.0,15437.243491828862,9744.029724828746,1081,5,1.768,877.3294221276186
16324,,,,1120.0,15438.243491828862,9745.029724828746,1082,5,1.751,923.5620404116848
16325,,,,1118.0,15439.243491828862,9746.029724828746,1083,5,1.734,914.6979806733957
16326,,,,1116.0,15440.243491828862,9747.029724828746,1084,5,1.716,958.8391208425732
16327,,,,1114.0,15441.243491828862,9748.029724828746,1085,5,1.7,843.956604289399
16328,,,,1113.0,15442.243491828862,9749.029724828746,1086,5,1.683,888.0988654585647
16329,,,,1112.0,15443.243491828862,9750.029724828746,1087,5,1.665,930.6716257915754
16330,,,,1112.0,15444.243491828862,9751.029724828746,1088,5,1.65,767.9650076311965
16331,,,,1110.0,15445.243491828862,9752.029724828746,1089,5,1.633,862.0144845224557
16332,,,,1110.0,15446.243491828862,9753.029724828746,1090,5,1.617,803.2046615751016
16333,,,,1110.0,15447.243491828862,9754.029724828746,1091,5,1.599,894.21003125499
16334,,,,1109.0,15448.243491828862,9755.029724828746,1092,5,1.582,835.3946633076247
16335,,,,1109.0,15449.243491828862,9756.029724828746,1093,5,1.565,826.5190775693584
16336,,,,1108.0,15450.243491828862,9757.029724828746,1094,5,1.546,913.2484425585077
16337,,,,1107.0,15451.243491828862,9758.029724828746,1095,5,1.528,854.9482048898753
16338,,,,1107.0,15452.243491828862,9759.029724828746,1096,5,1.509,891.6408062090068
16339,,,,1108.0,15453.243491828862,9760.029724828746,1097,5,1.49,880.5412674078959
16340,,,,1107.0,15454.243491828862,9761.029724828746,1098,5,1.471,869.4402846067957
16341,,,,1104.0,15455.243491828862,9762.029724828746,1099,5,1.452,858.3378578057053
16342,,,,1102.0,15456.243491828862,9763.029724828746,1100,5,1.433,847.2339870045948
16343,,,,1100.0,15457.243491828862,9764.029724828746,1101,5,1.415,792.4001303651155
16344,,,,1100.0,15458.243491828862,9765.029724828746,1102,5,1.397,782.4344525824104
16345,,,,1100.0,15459.243491828862,9766.029724828746,1103,5,1.379,772.4674787997053
16346,,,,1098.0,15460.243491828862,9767.029724828746,1104,5,1.362,720.4009659887454
16347,,,,1097.0,15461.243491828862,9768.029724828746,1105,5,1.344,753.0862480000009
16348,,,,1096.0,15462.243491828862,9769.029724828746,1106,5,1.326,743.1154222172958
16349,,,,1094.0,15463.243491828862,9770.029724828746,1107,5,1.308,733.1433004345906
16350,,,,1094.0,15464.243491828862,9771.029724828746,1108,5,1.29,723.1698826518856
16351,,,,1093.0,15465.243491828862,9772.029724828746,1109,5,1.27,791.8204667816384
16352,,,,1090.0,15466.243491828862,9773.029724828746,1110,5,1.25,779.4986719881754
16353,,,,1088.0,15467.243491828862,9774.029724828746,1111,5,1.23,767.1752771947122
16354,,,,1088.0,15468.243491828862,9775.029724828746,1112,5,1.208,829.6547079277335
16355,,,,1088.0,15469.243491828862,9776.029724828746,1113,5,1.189,704.5157563483584
16356,,,,1090.0,15470.243491828862,9777.029724828746,1114,5,1.166,837.945738734915
16357,,,,1092.0,15471.243491828862,9778.029724828746,1115,5,1.146,715.3902990621672
16358,,,,1093.0,15472.243491828862,9779.029724828746,1116,5,1.126,703.058744268704
16359,,,,1096.0,15473.243491828862,9780.029724828746,1117,5,1.107,656.4833016278199
16360,,,,1097.0,15474.243491828862,9781.029724828746,1118,5,1.088,645.3533248267195
16361,,,,1099.0,15475.243491828862,9782.029724828746,1119,5,1.069,634.2219040256265
16362,,,,1101.0,15476.243491828862,9783.029724828746,1120,5,1.05,623.0890392245187
16363,,,,1102.0,15477.243491828862,9784.029724828746,1121,5,1.033,548.0646692891559
16364,,,,1103.0,15478.243491828862,9785.029724828746,1122,5,1.014,601.9953241276969
16365,,,,1105.0,15479.243491828862,9786.029724828746,1123,5,0.995,590.8582033266
16366,,,,1106.0,15480.243491828862,9787.029724828746,1124,5,0.976,579.7196385254996
16367,,,,1107.0,15481.243491828862,9788.029724828746,1125,5,0.958,538.9330484375467
16368,,,,1108.0,15482.243491828862,9789.029724828746,1126,5,0.939,558.0265021759882
16369,,,,1112.0,15483.243491828862,9790.029724828746,1127,5,0.921,518.3789921064275
16370,,,,1114.0,15484.243491828862,9791.029724828746,1128,5,0.903,508.3786823237257
16371,,,,1115.0,15485.243491828862,9792.029724828746,1129,5,0.885,498.37707654102053
16372,,,,1115.0,15486.243491828862,9793.029724828746,1130,5,0.871,380.71381000312107
16373,,,,1117.0,15487.243491828862,9794.029724828746,1131,5,0.859,321.51517489036746
16374,,,,1120.0,15488.243491828862,9795.029724828746,1132,5,0.847,317.07532076472074
16375,,,,1121.0,15489.243491828862,9796.029724828746,1133,5,0.836,286.752364764228
16376,,,,1123.0,15490.243491828862,9797.029724828746,1134,5,0.825,283.0222388392054
16377,,,,1124.0,15491.243491828862,9798.029724828746,1135,5,0.811,354.81144093684577
16378,,,,1126.0,15492.243491828862,9799.029724828746,1136,5,0.799,299.3101442621339
16379,,,,1128.0,15493.243491828862,9800.029724828746,1137,5,0.786,319.238282149134
16380,,,,1129.0,15494.243491828862,9801.029724828746,1138,5,0.773,314.0218328488958
16381,,,,1132.0,15495.243491828862,9802.029724828746,1139,5,0.76,308.8047075486577
16382,,,,1134.0,15496.243491828862,9803.029724828746,1140,5,0.745,349.8276968280369
16383,,,,1136.0,15497.243491828862,9804.029724828746,1141,5,0.732,297.5625722866062
16384,,,,1138.0,15498.243491828862,9805.029724828746,1142,5,0.717,336.8543222949006
16385,,,,1139.0,15499.243491828862,9806.029724828746,1143,5,0.704,286.3175250245548
16386,,,,1141.0,15500.243491828862,9807.029724828746,1144,5,0.69,302.5027519865323
16387,,,,1142.0,15501.243491828862,9808.029724828746,1145,5,0.677,275.4725980932886
16388,,,,1143.0,15502.243491828862,9809.029724828746,1146,5,0.663,290.8220879067097
16389,,,,1147.0,15503.243491828862,9810.029724828746,1147,5,0.65,264.6248631620271
16390,,,,1150.0,15504.243491828862,9811.029724828746,1148,5,0.636,279.1383998268871
16391,,,,1154.0,15505.243491828862,9812.029724828746,1149,5,0.622,273.07834837809014
16392,,,,1157.0,15506.243491828862,9813.029724828746,1150,5,0.609,248.14641459973748
16393,,,,1160.0,15507.243491828862,9814.029724828746,1151,5,0.594,279.82820881005205
16394,,,,1164.0,15508.243491828862,9815.029724828746,1152,5,0.582,218.85233215668907
16395,,,,1166.0,15509.243491828862,9816.029724828746,1153,5,0.568,249.69882021844487
16396,,,,1170.0,15510.243491828862,9817.029724828746,1154,5,0.553,260.8047443151006
16397,,,,1173.0,15511.243491828862,9818.029724828746,1155,5,0.538,253.84149974377956
16398,,,,1177.0,15512.243491828862,9819.029724828746,1156,5,0.521,279.26691958339524
16399,,,,1181.0,15513.243491828862,9820.029724828746,1157,5,0.505,254.66540516186282
16400,,,,1183.0,15514.243491828862,9821.029724828746,1158,5,0.489,246.73852849404645
16401,,,,1185.0,15515.243491828862,9822.029724828746,1159,5,0.473,238.81062782623005
16402,,,,1189.0,15516.243491828862,9823.029724828746,1160,5,0.455,259.18333128750874
16403,,,,1192.0,15517.243491828862,9824.029724828746,1161,5,0.438,235.56727344945418
16404,,,,1197.0,15518.243491828862,9825.029724828746,1162,5,0.421,226.61290971117705
16405,,,,1199.0,15519.243491828862,9826.029724828746,1163,5,0.403,230.18141947080517
16406,,,,1200.0,15520.243491828862,9827.029724828746,1164,5,0.388,184.14768903054963
16407,,,,1201.0,15521.243491828862,9828.029724828746,1165,5,0.372,188.73832086063913
16408,,,,1203.0,15522.243491828862,9829.029724828746,1166,5,0.356,180.80309219282273
16409,,,,1204.0,15523.243491828862,9830.029724828746,1167,5,0.341,162.2955107070703
16410,,,,1205.0,15524.243491828862,9831.029724828746,1168,5,0.325,165.42633864892852
16411,,,,1207.0,15525.243491828862,9832.029724828746,1169,5,0.308,167.06714521557052
16412,,,,1211.0,15526.243491828862,9833.029724828746,1170,5,0.292,149.0519375215572
16413,,,,1213.0,15527.243491828862,9834.029724828746,1171,5,0.278,123.90740306479394
16414,,,,1212.0,15528.243491828862,9835.029724828746,1172,5,0.265,109.61387080882004
16415,,,,1210.0,15529.243491828862,9836.029724828746,1173,5,0.25,119.96340597437806
16416,,,,1208.0,15530.243491828862,9837.029724828746,1174,5,0.235,112.98252140305507
16417,,,,1208.0,15531.243491828862,9838.029724828746,1175,5,0.22,106.00073683173187
16418,,,,1208.0,15532.243491828862,9839.029724828746,1176,5,0.204,105.37073984856708
16419,,,,1208.0,15533.243491828862,9840.029724828746,1177,5,0.188,97.42450318075053
16420,,,,1207.0,15534.243491828862,9841.029724828746,1178,5,0.171,94.80548803063148
16421,,,,1205.0,15535.243491828862,9842.029724828746,1179,5,0.153,90.60154004434601
16422,,,,1204.0,15536.243491828862,9843.029724828746,1180,5,0.137,72.08816980208586
16423,,,,1202.0,15537.243491828862,9844.029724828746,1181,5,0.12,67.88221681580036
16424,,,,1201.0,15538.243491828862,9845.029724828746,1182,5,0.102,62.09082099334814
16425,,,,1201.0,15539.243491828862,9846.029724828746,1183,5,8.4e-2,52.025387210643
16426,,,,1200.0,15540.243491828862,9847.029724828746,1184,5,6.8e-2,37.7938721721278
16427,,,,1198.0,15541.243491828862,9848.029724828746,1185,5,5.2e-2,29.83918750431143
16428,,,,1194.0,15542.243491828862,9849.029724828746,1186,5,3.5e-2,22.98697812441488
16429,,,,1191.0,15543.243491828862,9850.029724828746,1187,5,1.8e-2,14.004462386137808
16430,,,,1190.0,15544.243491828862,9851.029724828746,1188,5,6.0e-3,4.4767421256467115
0,,,,1189.96,15544.283830759294,9851.070063759178,16429,6,0.0,0.5595942179073345
